0 0.12666666666666668 0.1326219512195122 0.05 0.10670731707317073
0 0.05166666666666667 0.09603658536585366 0.060000000000000005 0.13109756097560976
0 0.11666666666666667 0.2942073170731707 0.05666666666666667 0.11280487804878049
0 0.26083333333333336 0.09603658536585366 0.055 0.13109756097560976
0 0.3041666666666667 0.24847560975609756 0.035 0.08841463414634147
0 0.33333333333333337 0.21798780487804878 0.04 0.06402439024390244
0 0.33333333333333337 0.10365853658536586 0.060000000000000005 0.11585365853658537
0 0.37833333333333335 0.06097560975609756 0.05 0.11585365853658537
0 0.47750000000000004 0.25609756097560976 0.055 0.12195121951219512
0 0.20500000000000002 0.31097560975609756 0.05 0.11585365853658537
0 0.21916666666666668 0.4405487804878049 0.055 0.125
0 0.1991666666666667 0.4878048780487805 0.04833333333333334 0.10975609756097561
0 0.035833333333333335 0.5640243902439025 0.045000000000000005 0.11585365853658537
0 0.058333333333333334 0.6615853658536586 0.04666666666666667 0.10365853658536586
0 0.10916666666666668 0.6981707317073171 0.04833333333333334 0.09146341463414634
0 0.15583333333333335 0.6966463414634146 0.04833333333333334 0.09451219512195122
0 0.18250000000000002 0.6356707317073171 0.045000000000000005 0.125
0 0.23750000000000002 0.6219512195121951 0.055 0.11585365853658537
0 0.28583333333333333 0.6295731707317074 0.05166666666666667 0.13719512195121952
0 0.29000000000000004 0.5045731707317074 0.043333333333333335 0.08841463414634147
0 0.25083333333333335 0.49847560975609756 0.03166666666666667 0.057926829268292686
0 0.21000000000000002 0.5396341463414634 0.05 0.06707317073170732
0 0.021666666666666667 0.8612804878048781 0.04 0.08231707317073171
0 0.07500000000000001 0.8307926829268293 0.05333333333333334 0.08231707317073171
0 0.16166666666666668 0.8292682926829269 0.05 0.10365853658536586
0 0.155 0.9573170731707318 0.06333333333333334 0.07317073170731708
0 0.26166666666666666 0.7804878048780488 0.05333333333333334 0.13414634146341464
0 0.3275 0.801829268292683 0.03833333333333334 0.0975609756097561
0 0.39083333333333337 0.7957317073170732 0.05166666666666667 0.12195121951219512
0 0.44333333333333336 0.7606707317073171 0.05333333333333334 0.10060975609756098
0 0.4266666666666667 0.6448170731707318 0.04 0.11280487804878049
0 0.48000000000000004 0.676829268292683 0.04 0.10975609756097561
0 0.27166666666666667 0.42835365853658536 0.03666666666666667 0.09451219512195122
0 0.3091666666666667 0.3932926829268293 0.04833333333333334 0.10365853658536586
0 0.36083333333333334 0.3719512195121951 0.055 0.10365853658536586
0 0.38 0.19969512195121952 0.043333333333333335 0.08841463414634147
0 0.4066666666666667 0.3536585365853659 0.043333333333333335 0.10975609756097561
0 0.4066666666666667 0.4878048780487805 0.060000000000000005 0.10975609756097561
0 0.5716666666666667 0.5259146341463414 0.05 0.10670731707317073
0 0.4783333333333334 0.5533536585365854 0.05 0.10060975609756098
0 0.5033333333333334 0.6128048780487805 0.030000000000000002 0.06707317073170732
0 0.52 0.6676829268292683 0.04666666666666667 0.08536585365853659
0 0.5375000000000001 0.7682926829268293 0.055 0.10365853658536586
0 0.5 0.7850609756097561 0.043333333333333335 0.06402439024390244
0 0.5041666666666667 0.8490853658536586 0.055 0.07621951219512195
0 0.6050000000000001 0.926829268292683 0.05 0.07317073170731708
0 0.5508333333333334 0.9542682926829269 0.04833333333333334 0.09146341463414634
0 0.5241666666666667 0.538109756097561 0.055 0.10670731707317073
0 0.53 0.45121951219512196 0.04666666666666667 0.10365853658536586
0 0.5283333333333333 0.13109756097560976 0.07333333333333333 0.1402439024390244
0 0.5966666666666667 0.4207317073170732 0.04 0.10365853658536586
0 0.5566666666666668 0.38871951219512196 0.04666666666666667 0.10060975609756098
0 0.5808333333333334 0.2378048780487805 0.07833333333333334 0.1524390243902439
0 0.6508333333333334 0.2911585365853659 0.05166666666666667 0.07621951219512195
0 0.7108333333333334 0.36585365853658536 0.058333333333333334 0.12195121951219512
0 0.6441666666666667 0.4786585365853659 0.04833333333333334 0.09146341463414634
0 0.8641666666666667 0.5198170731707318 0.055 0.11280487804878049
0 0.8841666666666668 0.4298780487804878 0.045000000000000005 0.0975609756097561
0 0.9533333333333334 0.4298780487804878 0.05333333333333334 0.10975609756097561
0 0.8716666666666667 0.6814024390243902 0.04 0.11280487804878049
0 0.8841666666666668 0.763719512195122 0.04166666666666667 0.06402439024390244
0 0.9266666666666667 0.9237804878048781 0.04 0.06707317073170732
0 0.8400000000000001 0.8170731707317074 0.04 0.10365853658536586
0 0.8708333333333333 0.8841463414634146 0.04833333333333334 0.08536585365853659
0 0.7083333333333334 0.6280487804878049 0.04666666666666667 0.12804878048780488
0 0.785 0.5152439024390244 0.060000000000000005 0.09146341463414634
0 0.7433333333333334 0.5701219512195123 0.05333333333333334 0.0975609756097561
0 0.7466666666666667 0.6737804878048781 0.05 0.0975609756097561
0 0.7066666666666667 0.8201219512195123 0.043333333333333335 0.0975609756097561
0 0.7608333333333334 0.8780487804878049 0.04833333333333334 0.10365853658536586
0 0.6716666666666667 0.6432926829268293 0.03666666666666667 0.09146341463414634
0 0.6591666666666667 0.8064024390243902 0.04833333333333334 0.10670731707317073
0 0.6516666666666667 0.9405487804878049 0.04 0.06402439024390244
0 0.785 0.28506097560975613 0.07 0.11280487804878049
0 0.7075 0.2378048780487805 0.035 0.07926829268292683
0 0.6833333333333333 0.16310975609756098 0.05 0.11890243902439025
0 0.7350000000000001 0.17682926829268295 0.030000000000000002 0.06097560975609756
0 0.14250000000000002 0.044207317073170736 0.05166666666666667 0.08231707317073171
0 0.7675000000000001 0.9573170731707318 0.04833333333333334 0.08536585365853659
0 0.8166666666666668 0.9679878048780488 0.05 0.06402439024390244
0 0.8700000000000001 0.9679878048780488 0.05 0.06402439024390244
