0 0.5209090909090909 0.799757281553398 0.1 0.12864077669902912
0 0.7018181818181818 0.7682038834951456 0.09454545454545454 0.12864077669902912
0 0.7145454545454546 0.8300970873786407 0.05818181818181818 0.06310679611650485
0 0.6854545454545454 0.9065533980582523 0.08 0.12378640776699028
0 0.5981818181818181 0.9563106796116504 0.08363636363636363 0.08737864077669902
0 0.5136363636363637 0.9478155339805825 0.05272727272727273 0.06553398058252427
0 0.37454545454545457 0.9587378640776698 0.06181818181818182 0.08252427184466019
0 0.2990909090909091 0.9417475728155339 0.08545454545454545 0.11650485436893203
0 0.22090909090909092 0.9235436893203882 0.04909090909090909 0.0703883495145631
0 0.23 0.8677184466019416 0.04909090909090909 0.06067961165048543
0 0.21 0.9720873786407767 0.06363636363636363 0.0558252427184466
0 0.15272727272727274 0.8677184466019416 0.09454545454545454 0.1383495145631068
0 0.07 0.7572815533980581 0.07454545454545454 0.11650485436893203
0 0.2190909090909091 0.6783980582524272 0.08545454545454545 0.12378640776699028
0 0.23272727272727273 0.7281553398058251 0.11272727272727273 0.09223300970873785
0 0.2545454545454545 0.7973300970873786 0.08363636363636363 0.08009708737864077
0 0.019090909090909092 0.7888349514563107 0.034545454545454546 0.10679611650485436
0 0.14363636363636365 0.5376213592233009 0.05818181818181818 0.0849514563106796
0 0.2081818181818182 0.5546116504854368 0.07818181818181819 0.12378640776699028
0 0.07454545454545454 0.5449029126213591 0.06545454545454546 0.08009708737864077
0 0.16636363636363635 0.4490291262135922 0.09272727272727273 0.12135922330097086
0 0.25636363636363635 0.5169902912621359 0.08363636363636363 0.11650485436893203
0 0.4172727272727273 0.6395631067961165 0.06727272727272728 0.08980582524271843
0 0.3009090909090909 0.7196601941747572 0.09272727272727273 0.0849514563106796
0 0.3472727272727273 0.6529126213592232 0.06545454545454546 0.07766990291262135
0 0.48363636363636364 0.7148058252427184 0.10181818181818182 0.11407766990291261
0 0.4081818181818182 0.8143203883495145 0.10363636363636364 0.14320388349514562
0 0.6309090909090909 0.8033980582524272 0.05454545454545454 0.10679611650485436
0 0.82 0.7669902912621358 0.12727272727272726 0.15048543689320387
0 0.8827272727272727 0.6274271844660194 0.13272727272727272 0.15776699029126212
0 0.9609090909090909 0.5266990291262136 0.06363636363636363 0.1407766990291262
0 0.649090909090909 0.4963592233009708 0.08 0.10922330097087378
0 0.6754545454545454 0.6359223300970873 0.09272727272727273 0.1262135922330097
0 0.7427272727272727 0.5182038834951456 0.0890909090909091 0.11893203883495145
0 0.7045454545454546 0.3847087378640776 0.0890909090909091 0.10436893203883495
0 0.5709090909090909 0.4016990291262136 0.09090909090909091 0.10922330097087378
0 0.6509090909090909 0.3216019417475728 0.08 0.0703883495145631
0 0.519090909090909 0.20752427184466019 0.05272727272727273 0.08980582524271843
0 0.7154545454545455 0.13106796116504854 0.0890909090909091 0.07766990291262135
0 0.7672727272727272 0.23543689320388347 0.08727272727272728 0.09708737864077668
0 0.6309090909090909 0.17233009708737862 0.08 0.09223300970873785
0 0.6518181818181819 0.04975728155339806 0.07818181818181819 0.08980582524271843
0 0.48545454545454547 0.05218446601941747 0.09090909090909091 0.09951456310679611
0 0.39090909090909093 0.366504854368932 0.06545454545454546 0.06310679611650485
0 0.43 0.4769417475728155 0.06727272727272728 0.11407766990291261
0 0.5136363636363637 0.49878640776699024 0.07090909090909091 0.10436893203883495
0 0.5463636363636364 0.6007281553398057 0.1 0.08980582524271843
0 0.31 0.43932038834951453 0.0890909090909091 0.08252427184466019
0 0.3381818181818182 0.387135922330097 0.06181818181818182 0.07524271844660194
0 0.31363636363636366 0.31674757281553395 0.06727272727272728 0.0703883495145631
0 0.25272727272727274 0.3822815533980582 0.08 0.08009708737864077
0 0.1572727272727273 0.2633495145631068 0.07454545454545454 0.12864077669902912
0 0.03727272727272727 0.39441747572815533 0.07090909090909091 0.13349514563106796
0 0.13454545454545455 0.07766990291262135 0.08 0.1116504854368932
0 0.3090909090909091 0.13713592233009708 0.10909090909090909 0.09466019417475727
0 0.29545454545454547 0.03155339805825243 0.07090909090909091 0.058252427184466014
0 0.22363636363636363 0.0837378640776699 0.09090909090909091 0.11893203883495145
0 0.031818181818181815 0.03398058252427184 0.06 0.06310679611650485
0 0.038181818181818185 0.12499999999999999 0.07272727272727272 0.11407766990291261
0 0.01090909090909091 0.1953883495145631 0.01818181818181818 0.06067961165048543
0 0.4318181818181818 0.30218446601941745 0.07090909090909091 0.08980582524271843
0 0.37636363636363634 0.5485436893203883 0.05454545454545454 0.08737864077669902
0 0.8972727272727272 0.8033980582524272 0.05272727272727273 0.10679611650485436
0 0.78 0.9599514563106796 0.07272727272727272 0.08009708737864077
0 0.37 0.040048543689320384 0.056363636363636366 0.07524271844660194
0 0.01818181818181818 0.5339805825242718 0.03272727272727273 0.11650485436893203
0 0.1509090909090909 0.7439320388349514 0.09454545454545454 0.10436893203883495
0 0.23454545454545456 0.24150485436893201 0.08 0.11407766990291261
