0 0.7225 0.09603658536585366 0.08166666666666667 0.16158536585365854
0 0.11166666666666668 0.10823170731707317 0.05 0.10670731707317073
0 0.06166666666666667 0.10823170731707317 0.060000000000000005 0.13109756097560976
0 0.035 0.1676829268292683 0.05666666666666667 0.09146341463414634
0 0.225 0.2530487804878049 0.060000000000000005 0.10975609756097561
0 0.3125 0.2378048780487805 0.05166666666666667 0.12195121951219512
0 0.27083333333333337 0.18445121951219512 0.035 0.08841463414634147
0 0.3125 0.13719512195121952 0.055 0.10365853658536586
0 0.37083333333333335 0.06402439024390244 0.058333333333333334 0.07926829268292683
0 0.38 0.19969512195121952 0.05 0.11890243902439025
0 0.44333333333333336 0.27896341463414637 0.06333333333333334 0.14329268292682928
0 0.12083333333333333 0.3871951219512195 0.055 0.1524390243902439
0 0.20750000000000002 0.48170731707317077 0.04833333333333334 0.10365853658536586
0 0.04833333333333334 0.41920731707317077 0.04666666666666667 0.125
0 0.14833333333333334 0.5670731707317074 0.04666666666666667 0.10365853658536586
0 0.035833333333333335 0.5640243902439025 0.045000000000000005 0.11585365853658537
0 0.058333333333333334 0.6615853658536586 0.04666666666666667 0.10365853658536586
0 0.4008333333333334 0.41463414634146345 0.055 0.11585365853658537
0 0.28583333333333333 0.6295731707317074 0.05166666666666667 0.13719512195121952
0 0.29000000000000004 0.5045731707317074 0.043333333333333335 0.08841463414634147
0 0.25083333333333335 0.49847560975609756 0.03166666666666667 0.057926829268292686
0 0.05166666666666667 0.7484756097560976 0.05666666666666667 0.09451219512195122
0 0.0325 0.8460365853658537 0.04166666666666667 0.08231707317073171
0 0.26 0.7835365853658537 0.05333333333333334 0.13414634146341464
0 0.3041666666666667 0.8414634146341464 0.03833333333333334 0.0975609756097561
0 0.34500000000000003 0.8551829268292683 0.05333333333333334 0.11890243902439025
0 0.3383333333333334 0.9405487804878049 0.05666666666666667 0.06402439024390244
0 0.41583333333333333 0.8810975609756098 0.05166666666666667 0.12195121951219512
0 0.455 0.7606707317073171 0.05333333333333334 0.10060975609756098
0 0.3191666666666667 0.36585365853658536 0.04833333333333334 0.10365853658536586
0 0.3491666666666667 0.3536585365853659 0.05166666666666667 0.11585365853658537
0 0.37000000000000005 0.288109756097561 0.043333333333333335 0.08841463414634147
0 0.41583333333333333 0.33689024390243905 0.04833333333333334 0.13719512195121952
0 0.4291666666666667 0.5289634146341463 0.04166666666666667 0.09451219512195122
0 0.5133333333333334 0.5411585365853658 0.05 0.10060975609756098
0 0.5033333333333334 0.6128048780487805 0.030000000000000002 0.06707317073170732
0 0.5283333333333333 0.6463414634146342 0.04666666666666667 0.08536585365853659
0 0.5541666666666667 0.7454268292682927 0.055 0.10670731707317073
0 0.5 0.7850609756097561 0.043333333333333335 0.06402439024390244
0 0.5008333333333334 0.8490853658536586 0.055 0.07621951219512195
0 0.6016666666666667 0.9496951219512195 0.043333333333333335 0.04573170731707317
0 0.6075 0.7835365853658537 0.05166666666666667 0.08536585365853659
0 0.5725 0.6051829268292683 0.055 0.10670731707317073
0 0.5533333333333333 0.2835365853658537 0.04666666666666667 0.10365853658536586
0 0.525 0.18292682926829268 0.07333333333333333 0.1402439024390244
0 0.5966666666666667 0.4207317073170732 0.04 0.10365853658536586
0 0.5950000000000001 0.3307926829268293 0.04666666666666667 0.10060975609756098
0 0.6075 0.20426829268292684 0.07500000000000001 0.11585365853658537
0 0.6508333333333334 0.2911585365853659 0.05166666666666667 0.07621951219512195
0 0.6858333333333334 0.3719512195121951 0.058333333333333334 0.12195121951219512
0 0.8425 0.6935975609756098 0.03833333333333334 0.10670731707317073
0 0.9025000000000001 0.4634146341463415 0.045000000000000005 0.0975609756097561
0 0.8408333333333334 0.24390243902439024 0.055 0.10975609756097561
0 0.8925000000000001 0.08384146341463415 0.04166666666666667 0.11280487804878049
0 0.9516666666666668 0.08384146341463415 0.05333333333333334 0.10670731707317073
0 0.9525 0.16310975609756098 0.045000000000000005 0.08231707317073171
0 0.9416666666666668 0.6570121951219512 0.04 0.11280487804878049
0 0.9175000000000001 0.7667682926829269 0.04166666666666667 0.06402439024390244
0 0.9133333333333334 0.8353658536585367 0.04 0.06707317073170732
0 0.8383333333333334 0.9359756097560976 0.04 0.10365853658536586
0 0.8675 0.8445121951219513 0.04833333333333334 0.08536585365853659
0 0.7083333333333334 0.6280487804878049 0.04666666666666667 0.12804878048780488
0 0.785 0.5152439024390244 0.060000000000000005 0.09146341463414634
0 0.7433333333333334 0.5701219512195123 0.05333333333333334 0.0975609756097561
0 0.7466666666666667 0.6737804878048781 0.05 0.0975609756097561
0 0.7291666666666667 0.7911585365853658 0.055 0.125
0 0.6516666666666667 0.8719512195121951 0.043333333333333335 0.08536585365853659
0 0.6516666666666667 0.9405487804878049 0.04 0.06402439024390244
0 0.7775000000000001 0.24847560975609756 0.04166666666666667 0.10060975609756098
0 0.7075 0.2378048780487805 0.035 0.07926829268292683
0 0.7083333333333334 0.4923780487804878 0.05 0.11890243902439025
0 0.6325000000000001 0.06859756097560976 0.04833333333333334 0.08231707317073171
0 0.5433333333333333 0.41158536585365857 0.06333333333333334 0.07317073170731708
0 0.13333333333333333 0.8475609756097561 0.05 0.10975609756097561
0 0.18333333333333335 0.8536585365853658 0.043333333333333335 0.09146341463414634
0 0.22 0.9207317073170732 0.05666666666666667 0.0975609756097561
