0 0.7225 0.09603658536585366 0.08166666666666667 0.16158536585365854
0 0.11166666666666668 0.10823170731707317 0.05 0.10670731707317073
0 0.03333333333333333 0.28201219512195125 0.05 0.09451219512195122
0 0.06166666666666667 0.10823170731707317 0.060000000000000005 0.13109756097560976
0 0.035 0.1676829268292683 0.05666666666666667 0.09146341463414634
0 0.08916666666666667 0.22408536585365854 0.058333333333333334 0.11280487804878049
0 0.22333333333333336 0.28963414634146345 0.060000000000000005 0.10975609756097561
0 0.30583333333333335 0.3704268292682927 0.05166666666666667 0.125
0 0.3041666666666667 0.24847560975609756 0.035 0.08841463414634147
0 0.33333333333333337 0.21798780487804878 0.04 0.06402439024390244
0 0.2808333333333333 0.11280487804878049 0.06166666666666667 0.10365853658536586
0 0.39666666666666667 0.20884146341463417 0.05 0.11890243902439025
0 0.5333333333333333 0.20426829268292684 0.07 0.17073170731707318
0 0.12083333333333333 0.3902439024390244 0.04833333333333334 0.12195121951219512
0 0.2516666666666667 0.6646341463414634 0.05 0.11585365853658537
0 0.21416666666666667 0.5076219512195123 0.055 0.125
0 0.09833333333333334 0.44664634146341464 0.05333333333333334 0.09451219512195122
0 0.12666666666666668 0.5182926829268293 0.04666666666666667 0.10365853658536586
0 0.14833333333333334 0.5670731707317074 0.06333333333333334 0.10975609756097561
0 0.03416666666666667 0.6280487804878049 0.045000000000000005 0.11585365853658537
0 0.30250000000000005 0.6432926829268293 0.055 0.11585365853658537
0 0.25916666666666666 0.5716463414634146 0.045000000000000005 0.10670731707317073
0 0.08083333333333334 0.8338414634146342 0.055 0.07621951219512195
0 0.04166666666666667 0.7545731707317074 0.05666666666666667 0.09451219512195122
0 0.0325 0.8460365853658537 0.04166666666666667 0.08231707317073171
0 0.13 0.8490853658536586 0.05333333333333334 0.08231707317073171
0 0.17666666666666667 0.8719512195121951 0.05 0.10365853658536586
0 0.26166666666666666 0.7804878048780488 0.05333333333333334 0.13414634146341464
0 0.30250000000000005 0.7987804878048781 0.03833333333333334 0.0975609756097561
0 0.34500000000000003 0.8551829268292683 0.05333333333333334 0.11890243902439025
0 0.3383333333333334 0.9405487804878049 0.05666666666666667 0.06402439024390244
0 0.4025 0.9115853658536586 0.05166666666666667 0.08536585365853659
0 0.4708333333333334 0.7515243902439025 0.045000000000000005 0.09451219512195122
0 0.4316666666666667 0.5442073170731707 0.04 0.11280487804878049
0 0.48500000000000004 0.6585365853658537 0.04 0.10975609756097561
0 0.3541666666666667 0.375 0.055 0.10365853658536586
0 0.37000000000000005 0.288109756097561 0.043333333333333335 0.08841463414634147
0 0.44583333333333336 0.2942073170731707 0.04833333333333334 0.13719512195121952
0 0.3441666666666667 0.5045731707317074 0.058333333333333334 0.10670731707317073
0 0.5133333333333334 0.538109756097561 0.05 0.10060975609756098
0 0.5033333333333334 0.6128048780487805 0.030000000000000002 0.06707317073170732
0 0.52 0.6676829268292683 0.04666666666666667 0.08536585365853659
0 0.5541666666666667 0.7591463414634146 0.055 0.10365853658536586
0 0.4966666666666667 0.8003048780487805 0.043333333333333335 0.08231707317073171
0 0.5041666666666667 0.8490853658536586 0.055 0.07621951219512195
0 0.5983333333333334 0.9329268292682927 0.05 0.07317073170731708
0 0.5725 0.6173780487804879 0.055 0.10670731707317073
0 0.545 0.42225609756097565 0.04666666666666667 0.10670731707317073
0 0.46166666666666667 0.1402439024390244 0.07333333333333333 0.1402439024390244
0 0.5866666666666667 0.4481707317073171 0.04 0.10365853658536586
0 0.5950000000000001 0.3307926829268293 0.04666666666666667 0.10060975609756098
0 0.6141666666666667 0.20426829268292684 0.07500000000000001 0.11585365853658537
0 0.64 0.375 0.04666666666666667 0.09146341463414634
0 0.6858333333333334 0.38414634146341464 0.058333333333333334 0.09146341463414634
0 0.8558333333333333 0.5655487804878049 0.055 0.11280487804878049
0 0.8841666666666668 0.4268292682926829 0.045000000000000005 0.0975609756097561
0 0.7291666666666667 0.3231707317073171 0.055 0.10975609756097561
0 0.8516666666666667 0.1524390243902439 0.05333333333333334 0.11585365853658537
0 0.9025000000000001 0.08079268292682927 0.04166666666666667 0.11280487804878049
0 0.9516666666666668 0.08384146341463415 0.05333333333333334 0.10670731707317073
0 0.9641666666666667 0.17225609756097562 0.045000000000000005 0.07621951219512195
0 0.8383333333333334 0.24695121951219512 0.060000000000000005 0.13414634146341464
0 0.7825000000000001 0.4329268292682927 0.055 0.10975609756097561
0 0.9650000000000001 0.5533536585365854 0.04 0.11280487804878049
0 0.89 0.774390243902439 0.03666666666666667 0.06707317073170732
0 0.8400000000000001 0.9375 0.06666666666666667 0.0701219512195122
0 0.8608333333333333 0.8719512195121951 0.058333333333333334 0.10365853658536586
0 0.7391666666666667 0.7850609756097561 0.04166666666666667 0.10670731707317073
0 0.7083333333333334 0.6280487804878049 0.04666666666666667 0.12804878048780488
0 0.785 0.5152439024390244 0.060000000000000005 0.09146341463414634
0 0.7433333333333334 0.5701219512195123 0.05333333333333334 0.0975609756097561
0 0.7466666666666667 0.6737804878048781 0.05 0.0975609756097561
0 0.6516666666666667 0.8719512195121951 0.043333333333333335 0.08536585365853659
0 0.6516666666666667 0.9405487804878049 0.04 0.06402439024390244
0 0.7791666666666667 0.24390243902439024 0.04833333333333334 0.12195121951219512
0 0.7041666666666667 0.24695121951219512 0.035 0.07926829268292683
0 0.6566666666666667 0.12347560975609756 0.05 0.11890243902439025
0 0.6725000000000001 0.21951219512195122 0.04166666666666667 0.07926829268292683
0 0.5391666666666667 0.33384146341463417 0.04833333333333334 0.08231707317073171
0 0.7300000000000001 0.07317073170731708 0.06333333333333334 0.07317073170731708
0 0.043333333333333335 0.4207317073170732 0.060000000000000005 0.0975609756097561
0 0.41000000000000003 0.41920731707317077 0.05333333333333334 0.10670731707317073
0 0.41000000000000003 0.32621951219512196 0.04666666666666667 0.07926829268292683
0 0.9208333333333334 0.551829268292683 0.04833333333333334 0.11585365853658537
0 0.8908333333333334 0.6905487804878049 0.055 0.10670731707317073
0 0.8458333333333334 0.6935975609756098 0.04833333333333334 0.10670731707317073
0 0.8208333333333334 0.6356707317073171 0.05166666666666667 0.09451219512195122
0 0.9666666666666667 0.8460365853658537 0.043333333333333335 0.10060975609756098
0 0.9658333333333334 0.9314024390243902 0.04166666666666667 0.09451219512195122
0 0.42750000000000005 0.8597560975609756 0.05166666666666667 0.0975609756097561
0 0.9400000000000001 0.6509146341463414 0.060000000000000005 0.09451219512195122
0 0.9458333333333334 0.739329268292683 0.06833333333333334 0.08841463414634147
0 0.9025000000000001 0.8673780487804879 0.055 0.09451219512195122
0 0.6983333333333334 0.801829268292683 0.05 0.10365853658536586
0 0.6058333333333333 0.788109756097561 0.05166666666666667 0.10670731707317073
0 0.21583333333333335 0.9253048780487805 0.055 0.08231707317073171
0 0.29000000000000004 0.9451219512195123 0.05 0.07317073170731708
0 0.085 0.7652439024390244 0.05 0.08536585365853659
