0 0.146875 0.39850427350427353 0.09375 0.10042735042735043
0 0.18125000000000002 0.4914529914529915 0.07187500000000001 0.10683760683760685
0 0.21250000000000002 0.5662393162393163 0.05625 0.0982905982905983
0 0.25703125 0.6720085470085471 0.0734375 0.09615384615384616
0 0.34218750000000003 0.4348290598290599 0.059375000000000004 0.08760683760683761
0 0.65390625 0.1356837606837607 0.0765625 0.11324786324786326
0 0.45234375000000004 0.13461538461538464 0.0890625 0.0982905982905983
0 0.553125 0.5438034188034189 0.065625 0.11324786324786326
0 0.41640625000000003 0.5598290598290598 0.051562500000000004 0.0982905982905983
0 0.3609375 0.6677350427350428 0.053125000000000006 0.07905982905982907
0 0.43281250000000004 0.4433760683760684 0.053125000000000006 0.07051282051282053
