0 0.49250000000000005 0.09908536585365854 0.055 0.08231707317073171
0 0.15916666666666668 0.13567073170731708 0.04833333333333334 0.09451219512195122
0 0.25083333333333335 0.10060975609756098 0.065 0.15853658536585366
0 0.225 0.2530487804878049 0.060000000000000005 0.10975609756097561
0 0.2675 0.3201219512195122 0.05166666666666667 0.12195121951219512
0 0.3041666666666667 0.24847560975609756 0.035 0.08841463414634147
0 0.33333333333333337 0.21798780487804878 0.04 0.06402439024390244
0 0.3441666666666667 0.12957317073170732 0.058333333333333334 0.15548780487804878
0 0.39666666666666667 0.20884146341463417 0.05 0.11890243902439025
0 0.43333333333333335 0.16463414634146342 0.07 0.17073170731707318
0 0.2016666666666667 0.3353658536585366 0.05 0.11585365853658537
0 0.21916666666666668 0.4405487804878049 0.055 0.125
0 0.17916666666666667 0.48170731707317077 0.04833333333333334 0.10975609756097561
0 0.09000000000000001 0.5838414634146342 0.05333333333333334 0.09451219512195122
0 0.0325 0.3871951219512195 0.06166666666666667 0.10975609756097561
0 0.035833333333333335 0.5640243902439025 0.045000000000000005 0.11585365853658537
0 0.058333333333333334 0.6615853658536586 0.04666666666666667 0.10365853658536586
0 0.10750000000000001 0.9542682926829269 0.04833333333333334 0.09146341463414634
0 0.26083333333333336 0.961890243902439 0.05166666666666667 0.07621951219512195
0 0.23750000000000002 0.6219512195121951 0.055 0.11585365853658537
0 0.28583333333333333 0.6295731707317074 0.05166666666666667 0.13719512195121952
0 0.29000000000000004 0.5045731707317074 0.043333333333333335 0.08841463414634147
0 0.25083333333333335 0.49847560975609756 0.03166666666666667 0.057926829268292686
0 0.21000000000000002 0.5396341463414634 0.05 0.06707317073170732
0 0.155 0.961890243902439 0.05333333333333334 0.07621951219512195
0 0.05166666666666667 0.7484756097560976 0.05666666666666667 0.09451219512195122
0 0.0325 0.8460365853658537 0.04166666666666667 0.08231707317073171
0 0.03916666666666667 0.9253048780487805 0.055 0.08231707317073171
0 0.095 0.8765243902439025 0.05333333333333334 0.08231707317073171
0 0.30250000000000005 0.7987804878048781 0.03833333333333334 0.0975609756097561
0 0.34500000000000003 0.8551829268292683 0.05333333333333334 0.11890243902439025
0 0.3383333333333334 0.9405487804878049 0.05666666666666667 0.06402439024390244
0 0.39083333333333337 0.7957317073170732 0.05166666666666667 0.12195121951219512
0 0.4716666666666667 0.8734756097560976 0.05333333333333334 0.10060975609756098
0 0.27166666666666667 0.42835365853658536 0.03666666666666667 0.09451219512195122
0 0.3091666666666667 0.3932926829268293 0.04833333333333334 0.10365853658536586
0 0.36083333333333334 0.3719512195121951 0.055 0.10365853658536586
0 0.37000000000000005 0.288109756097561 0.043333333333333335 0.08841463414634147
0 0.4841666666666667 0.3323170731707317 0.045000000000000005 0.13414634146341464
0 0.53 0.34756097560975613 0.03666666666666667 0.07926829268292683
0 0.48500000000000004 0.4649390243902439 0.043333333333333335 0.08231707317073171
0 0.41750000000000004 0.5198170731707318 0.055 0.11280487804878049
0 0.5241666666666667 0.5487804878048781 0.03833333333333334 0.07926829268292683
0 0.49000000000000005 0.5564024390243902 0.05 0.10060975609756098
0 0.48833333333333334 0.6920731707317074 0.04666666666666667 0.08536585365853659
0 0.5391666666666667 0.7332317073170732 0.058333333333333334 0.13719512195121952
0 0.48000000000000004 0.8033536585365854 0.05333333333333334 0.09451219512195122
0 0.43750000000000006 0.9435975609756098 0.055 0.07621951219512195
0 0.5166666666666667 0.9405487804878049 0.060000000000000005 0.11890243902439025
0 0.5675 0.6204268292682927 0.055 0.10670731707317073
0 0.5041666666666667 0.24237804878048783 0.06833333333333334 0.125
0 0.165 0.7515243902439025 0.04666666666666667 0.10060975609756098
0 0.6141666666666667 0.20426829268292684 0.07500000000000001 0.11585365853658537
0 0.6508333333333334 0.2911585365853659 0.05166666666666667 0.07621951219512195
0 0.6858333333333334 0.3719512195121951 0.058333333333333334 0.12195121951219512
0 0.7308333333333333 0.5045731707317074 0.05166666666666667 0.125
0 0.5625 0.47408536585365857 0.035 0.057926829268292686
0 0.8608333333333333 0.5716463414634146 0.055 0.11280487804878049
0 0.8716666666666667 0.4603658536585366 0.09000000000000001 0.10975609756097561
0 0.8600000000000001 0.3231707317073171 0.05333333333333334 0.10975609756097561
0 0.8941666666666668 0.24085365853658539 0.05166666666666667 0.11585365853658537
0 0.8891666666666668 0.13414634146341464 0.04166666666666667 0.10975609756097561
0 0.9483333333333334 0.0899390243902439 0.05333333333333334 0.10670731707317073
0 0.7966666666666667 0.17835365853658539 0.04666666666666667 0.14329268292682928
0 0.9566666666666668 0.4298780487804878 0.05333333333333334 0.10975609756097561
0 0.8816666666666667 0.6585365853658537 0.05666666666666667 0.10365853658536586
0 0.92 0.7164634146341463 0.060000000000000005 0.10365853658536586
0 0.9400000000000001 0.8932926829268293 0.04 0.06707317073170732
0 0.8316666666666667 0.8932926829268293 0.04 0.10365853658536586
0 0.9391666666666667 0.9573170731707318 0.04833333333333334 0.08536585365853659
0 0.7083333333333334 0.6280487804878049 0.04666666666666667 0.12804878048780488
0 0.7433333333333334 0.5701219512195123 0.05333333333333334 0.0975609756097561
0 0.7466666666666667 0.6737804878048781 0.05 0.0975609756097561
0 0.7275 0.8155487804878049 0.055 0.125
0 0.7541666666666668 0.8902439024390244 0.04833333333333334 0.10365853658536586
0 0.6291666666666667 0.6234756097560976 0.04833333333333334 0.09451219512195122
0 0.6641666666666667 0.7957317073170732 0.04833333333333334 0.10365853658536586
0 0.7125 0.9573170731707318 0.06166666666666667 0.08536585365853659
0 0.775 0.30640243902439024 0.05333333333333334 0.11280487804878049
0 0.7075 0.2378048780487805 0.035 0.07926829268292683
0 0.6833333333333333 0.16310975609756098 0.05 0.11890243902439025
0 0.7350000000000001 0.17682926829268295 0.030000000000000002 0.06097560975609756
0 0.5841666666666667 0.06859756097560976 0.04833333333333334 0.08231707317073171
0 0.7216666666666667 0.06402439024390244 0.06333333333333334 0.07317073170731708
0 0.1625 0.03658536585365854 0.05166666666666667 0.06707317073170732
