0 0.7225 0.09603658536585366 0.08166666666666667 0.16158536585365854
0 0.10083333333333334 0.11432926829268293 0.05166666666666667 0.10670731707317073
0 0.04916666666666667 0.07469512195121951 0.06166666666666667 0.09451219512195122
0 0.04916666666666667 0.16158536585365854 0.058333333333333334 0.09146341463414634
0 0.225 0.2774390243902439 0.060000000000000005 0.10975609756097561
0 0.3041666666666667 0.24847560975609756 0.035 0.08841463414634147
0 0.64 0.36128048780487804 0.043333333333333335 0.09451219512195122
0 0.3216666666666667 0.14786585365853658 0.043333333333333335 0.09451219512195122
0 0.39666666666666667 0.20884146341463417 0.05 0.11890243902439025
0 0.46166666666666667 0.14634146341463417 0.07 0.17073170731707318
0 0.12083333333333333 0.3902439024390244 0.04833333333333334 0.12195121951219512
0 0.21583333333333335 0.513719512195122 0.055 0.125
0 0.09833333333333334 0.44664634146341464 0.05333333333333334 0.09451219512195122
0 0.15000000000000002 0.5701219512195123 0.06333333333333334 0.10975609756097561
0 0.035833333333333335 0.5640243902439025 0.045000000000000005 0.11585365853658537
0 0.07666666666666667 0.7591463414634146 0.04666666666666667 0.10365853658536586
0 0.2575 0.5670731707317074 0.055 0.11585365853658537
0 0.28750000000000003 0.6265243902439025 0.05166666666666667 0.13719512195121952
0 0.32583333333333336 0.4878048780487805 0.045000000000000005 0.0975609756097561
0 0.08416666666666667 0.8338414634146342 0.04166666666666667 0.09451219512195122
0 0.04666666666666667 0.7576219512195123 0.05666666666666667 0.09451219512195122
0 0.030833333333333334 0.8978658536585367 0.04166666666666667 0.08231707317073171
0 0.17833333333333334 0.8612804878048781 0.05333333333333334 0.08231707317073171
0 0.135 0.8490853658536586 0.05333333333333334 0.11890243902439025
0 0.21333333333333335 0.926829268292683 0.06333333333333334 0.07317073170731708
0 0.255 0.8109756097560976 0.05333333333333334 0.13414634146341464
0 0.28250000000000003 0.9359756097560976 0.045000000000000005 0.09146341463414634
0 0.31833333333333336 0.8460365853658537 0.05333333333333334 0.11890243902439025
0 0.3383333333333334 0.9405487804878049 0.05666666666666667 0.06402439024390244
0 0.4266666666666667 0.8521341463414634 0.043333333333333335 0.08841463414634147
0 0.46166666666666667 0.7667682926829269 0.05333333333333334 0.10060975609756098
0 0.4291666666666667 0.5411585365853658 0.05166666666666667 0.11890243902439025
0 0.465 0.6463414634146342 0.04 0.10975609756097561
0 0.3091666666666667 0.3932926829268293 0.04833333333333334 0.10365853658536586
0 0.36083333333333334 0.3719512195121951 0.055 0.10365853658536586
0 0.36083333333333334 0.28963414634146345 0.06166666666666667 0.08536585365853659
0 0.41583333333333333 0.33689024390243905 0.04833333333333334 0.13719512195121952
0 0.3775 0.4862804878048781 0.04166666666666667 0.09451219512195122
0 0.51 0.5320121951219512 0.05333333333333334 0.125
0 0.5033333333333334 0.6128048780487805 0.030000000000000002 0.06707317073170732
0 0.5333333333333333 0.6280487804878049 0.04666666666666667 0.08536585365853659
0 0.5558333333333334 0.7439024390243902 0.055 0.10365853658536586
0 0.5 0.7850609756097561 0.043333333333333335 0.06402439024390244
0 0.5041666666666667 0.8490853658536586 0.055 0.07621951219512195
0 0.5733333333333334 0.8597560975609756 0.04666666666666667 0.06707317073170732
0 0.6050000000000001 0.7972560975609756 0.05333333333333334 0.10060975609756098
0 0.6033333333333334 0.9527439024390244 0.05333333333333334 0.05182926829268293
0 0.5700000000000001 0.6082317073170732 0.060000000000000005 0.11280487804878049
0 0.445 0.29268292682926833 0.04666666666666667 0.10365853658536586
0 0.53 0.1951219512195122 0.07333333333333333 0.1402439024390244
0 0.5416666666666667 0.42378048780487804 0.04 0.10365853658536586
0 0.5950000000000001 0.3307926829268293 0.04666666666666667 0.10060975609756098
0 0.5975 0.20884146341463417 0.05166666666666667 0.11890243902439025
0 0.8158333333333334 0.45884146341463417 0.05166666666666667 0.07621951219512195
0 0.6891666666666667 0.37652439024390244 0.058333333333333334 0.125
0 0.7025 0.4954268292682927 0.05166666666666667 0.125
0 0.5875 0.4527439024390244 0.04166666666666667 0.07621951219512195
0 0.8225 0.6204268292682927 0.055 0.11280487804878049
0 0.8841666666666668 0.38109756097560976 0.045000000000000005 0.0975609756097561
0 0.8375 0.35670731707317077 0.055 0.10975609756097561
0 0.8416666666666667 0.23475609756097562 0.05333333333333334 0.11585365853658537
0 0.8975000000000001 0.08841463414634147 0.04166666666666667 0.10975609756097561
0 0.9483333333333334 0.07621951219512195 0.060000000000000005 0.09146341463414634
0 0.8491666666666667 0.15396341463414634 0.045000000000000005 0.11280487804878049
0 0.8925000000000001 0.6935975609756098 0.045000000000000005 0.08841463414634147
0 0.8491666666666667 0.6890243902439025 0.055 0.09146341463414634
0 0.91 0.8536585365853658 0.04 0.06707317073170732
0 0.8375 0.9329268292682927 0.058333333333333334 0.0975609756097561
0 0.8675 0.8567073170731707 0.04833333333333334 0.08536585365853659
0 0.7083333333333334 0.6280487804878049 0.04666666666666667 0.12804878048780488
0 0.79 0.5304878048780488 0.060000000000000005 0.09146341463414634
0 0.7433333333333334 0.5701219512195123 0.05333333333333334 0.0975609756097561
0 0.7583333333333334 0.6280487804878049 0.05 0.0975609756097561
0 0.7408333333333333 0.7911585365853658 0.055 0.125
0 0.6975 0.8109756097560976 0.04833333333333334 0.10365853658536586
0 0.6583333333333333 0.8567073170731707 0.043333333333333335 0.08536585365853659
0 0.6625000000000001 0.9344512195121951 0.04833333333333334 0.07621951219512195
0 0.7775000000000001 0.3003048780487805 0.04166666666666667 0.10060975609756098
0 0.7075 0.2378048780487805 0.035 0.07926829268292683
0 0.6566666666666667 0.12957317073170732 0.05 0.11890243902439025
0 0.9183333333333334 0.5548780487804879 0.05666666666666667 0.10365853658536586
0 0.9425000000000001 0.6570121951219512 0.04833333333333334 0.08231707317073171
0 0.8750000000000001 0.5198170731707318 0.05666666666666667 0.08841463414634147
0 0.4041666666666667 0.9070121951219513 0.03833333333333334 0.07621951219512195
0 0.42500000000000004 0.9481707317073171 0.03333333333333333 0.042682926829268296
0 0.08916666666666667 0.24085365853658539 0.055 0.10975609756097561
0 0.04083333333333333 0.288109756097561 0.045000000000000005 0.13719512195121952
0 0.05 0.42835365853658536 0.05666666666666667 0.10670731707317073
0 0.29250000000000004 0.12195121951219512 0.06833333333333334 0.0975609756097561
