0 0.26666666666666666 0.11737804878048781 0.09666666666666668 0.18597560975609756
0 0.11166666666666668 0.10823170731707317 0.05 0.10670731707317073
0 0.15416666666666667 0.15091463414634146 0.04833333333333334 0.09451219512195122
0 0.06166666666666667 0.10823170731707317 0.060000000000000005 0.13109756097560976
0 0.035 0.1676829268292683 0.05666666666666667 0.09146341463414634
0 0.15833333333333335 0.23628048780487806 0.05666666666666667 0.11280487804878049
0 0.225 0.2530487804878049 0.060000000000000005 0.10975609756097561
0 0.2675 0.3201219512195122 0.05166666666666667 0.12195121951219512
0 0.3041666666666667 0.24847560975609756 0.035 0.08841463414634147
0 0.33333333333333337 0.21798780487804878 0.04 0.06402439024390244
0 0.3441666666666667 0.12957317073170732 0.058333333333333334 0.15548780487804878
0 0.39666666666666667 0.20884146341463417 0.05 0.11890243902439025
0 0.4683333333333334 0.21341463414634146 0.07 0.17073170731707318
0 0.12083333333333333 0.3902439024390244 0.04833333333333334 0.12195121951219512
0 0.16166666666666668 0.375 0.05333333333333334 0.12195121951219512
0 0.2016666666666667 0.3353658536585366 0.05 0.11585365853658537
0 0.21916666666666668 0.4405487804878049 0.055 0.125
0 0.17416666666666666 0.5213414634146342 0.04833333333333334 0.10975609756097561
0 0.09833333333333334 0.44664634146341464 0.05333333333333334 0.09451219512195122
0 0.08 0.5335365853658537 0.06333333333333334 0.10975609756097561
0 0.058333333333333334 0.6615853658536586 0.04666666666666667 0.10365853658536586
0 0.18416666666666667 0.7134146341463415 0.04833333333333334 0.09146341463414634
0 0.1575 0.8003048780487805 0.04833333333333334 0.09451219512195122
0 0.18250000000000002 0.6021341463414634 0.04833333333333334 0.08231707317073171
0 0.24416666666666667 0.6920731707317074 0.055 0.11585365853658537
0 0.30250000000000005 0.6875 0.05166666666666667 0.13719512195121952
0 0.30000000000000004 0.5594512195121951 0.043333333333333335 0.08841463414634147
0 0.25833333333333336 0.5548780487804879 0.03333333333333333 0.07317073170731708
0 0.025 0.6585365853658537 0.04666666666666667 0.06707317073170732
0 0.10500000000000001 0.7789634146341464 0.05333333333333334 0.07621951219512195
0 0.05166666666666667 0.7484756097560976 0.05666666666666667 0.09451219512195122
0 0.03916666666666667 0.8551829268292683 0.04166666666666667 0.08231707317073171
0 0.035833333333333335 0.9588414634146342 0.055 0.08231707317073171
0 0.09666666666666668 0.8612804878048781 0.05333333333333334 0.08231707317073171
0 0.10500000000000001 0.9481707317073171 0.05 0.10365853658536586
0 0.15833333333333335 0.9634146341463415 0.06333333333333334 0.07317073170731708
0 0.28 0.8719512195121951 0.05333333333333334 0.13414634146341464
0 0.3275 0.8795731707317074 0.055 0.10670731707317073
0 0.36833333333333335 0.9375 0.06333333333333334 0.125
0 0.4516666666666667 0.6676829268292683 0.04 0.10975609756097561
0 0.2725 0.4207317073170732 0.035 0.07926829268292683
0 0.3091666666666667 0.3932926829268293 0.04833333333333334 0.10365853658536586
0 0.36083333333333334 0.3719512195121951 0.055 0.10365853658536586
0 0.37000000000000005 0.288109756097561 0.043333333333333335 0.08841463414634147
0 0.41583333333333333 0.33689024390243905 0.04833333333333334 0.13719512195121952
0 0.4566666666666667 0.3353658536585366 0.03666666666666667 0.07926829268292683
0 0.4633333333333334 0.4161585365853659 0.043333333333333335 0.08231707317073171
0 0.42083333333333334 0.46189024390243905 0.04166666666666667 0.09451219512195122
0 0.4591666666666667 0.4878048780487805 0.03833333333333334 0.07926829268292683
0 0.5133333333333334 0.5746951219512195 0.05 0.10060975609756098
0 0.4941666666666667 0.6981707317073171 0.035 0.07926829268292683
0 0.5483333333333333 0.6951219512195123 0.05333333333333334 0.10365853658536586
0 0.5441666666666667 0.8353658536585367 0.055 0.10365853658536586
0 0.4216666666666667 0.864329268292683 0.043333333333333335 0.06402439024390244
0 0.4758333333333334 0.8094512195121951 0.055 0.07621951219512195
0 0.5875 0.8353658536585367 0.05166666666666667 0.09146341463414634
0 0.5433333333333333 0.899390243902439 0.05 0.07317073170731708
0 0.5925 0.5564024390243902 0.055 0.10670731707317073
0 0.5533333333333333 0.2835365853658537 0.04666666666666667 0.10365853658536586
0 0.5333333333333333 0.13719512195121952 0.07333333333333333 0.1402439024390244
0 0.6283333333333334 0.4207317073170732 0.04 0.10365853658536586
0 0.5950000000000001 0.3307926829268293 0.04666666666666667 0.10060975609756098
0 0.6141666666666667 0.20426829268292684 0.07500000000000001 0.11585365853658537
0 0.6508333333333334 0.2911585365853659 0.05166666666666667 0.07621951219512195
0 0.6858333333333334 0.3719512195121951 0.058333333333333334 0.12195121951219512
0 0.6758333333333334 0.4862804878048781 0.05166666666666667 0.125
0 0.9158333333333334 0.5533536585365854 0.055 0.11280487804878049
0 0.9550000000000001 0.059451219512195126 0.05333333333333334 0.10670731707317073
0 0.9616666666666668 0.17225609756097562 0.043333333333333335 0.10060975609756098
0 0.9366666666666668 0.3094512195121951 0.04666666666666667 0.14329268292682928
0 0.9416666666666668 0.39939024390243905 0.05333333333333334 0.10975609756097561
0 0.9441666666666667 0.8460365853658537 0.04166666666666667 0.06402439024390244
0 0.9066666666666667 0.8841463414634146 0.04 0.06707317073170732
0 0.8233333333333334 0.8597560975609756 0.04 0.10365853658536586
0 0.8525 0.9573170731707318 0.04833333333333334 0.08536585365853659
0 0.7083333333333334 0.6280487804878049 0.04666666666666667 0.12804878048780488
0 0.8425 0.5015243902439025 0.065 0.11890243902439025
0 0.7433333333333334 0.5701219512195123 0.05333333333333334 0.0975609756097561
0 0.7466666666666667 0.6737804878048781 0.05 0.0975609756097561
0 0.7058333333333334 0.913109756097561 0.055 0.125
0 0.7525000000000001 0.8871951219512195 0.04833333333333334 0.10365853658536586
0 0.6283333333333334 0.9085365853658537 0.043333333333333335 0.08536585365853659
0 0.635 0.9679878048780488 0.04 0.06402439024390244
0 0.8191666666666667 0.26371951219512196 0.04166666666666667 0.10060975609756098
0 0.7075 0.2378048780487805 0.035 0.07926829268292683
0 0.6833333333333333 0.16310975609756098 0.05 0.11890243902439025
0 0.7350000000000001 0.17682926829268295 0.030000000000000002 0.06097560975609756
0 0.6508333333333334 0.042682926829268296 0.04833333333333334 0.07926829268292683
0 0.7216666666666667 0.06402439024390244 0.06333333333333334 0.07317073170731708
0 0.1625 0.0625 0.05166666666666667 0.0701219512195122
