0 0.6790909090909091 0.6262135922330097 0.13272727272727272 0.17961165048543687
0 0.5163636363636364 0.7803398058252426 0.09454545454545454 0.12864077669902912
0 0.5745454545454546 0.9684466019417475 0.05818181818181818 0.06310679611650485
0 0.6090909090909091 0.8483009708737863 0.08 0.12378640776699028
0 0.18545454545454546 0.8701456310679611 0.04727272727272727 0.06067961165048543
0 0.12 0.9308252427184465 0.09454545454545454 0.1383495145631068
0 0.8927272727272727 0.9126213592233009 0.12 0.15048543689320387
0 0.2545454545454545 0.7973300970873786 0.08363636363636363 0.08009708737864077
0 0.2409090909090909 0.42718446601941745 0.07818181818181819 0.06796116504854369
0 0.2818181818181818 0.48786407766990286 0.08363636363636363 0.08252427184466019
0 0.31727272727272726 0.5594660194174756 0.06727272727272728 0.08980582524271843
0 0.2972727272727273 0.6577669902912621 0.06363636363636363 0.10679611650485436
0 0.3527272727272727 0.6334951456310679 0.05818181818181818 0.07281553398058252
0 0.42 0.7002427184466019 0.10181818181818182 0.11407766990291261
0 0.35363636363636364 0.8118932038834951 0.10363636363636364 0.14320388349514562
0 0.7354545454545455 0.8410194174757281 0.08545454545454545 0.12864077669902912
0 0.7754545454545455 0.5230582524271844 0.10727272727272727 0.12864077669902912
0 0.889090909090909 0.6504854368932038 0.10181818181818182 0.13592233009708737
0 0.7354545454545455 0.37499999999999994 0.0890909090909091 0.11893203883495145
0 0.8290909090909091 0.4077669902912621 0.11272727272727273 0.14563106796116504
0 0.6327272727272727 0.34830097087378636 0.09090909090909091 0.10922330097087378
0 0.6381818181818182 0.25849514563106796 0.08 0.0703883495145631
0 0.5827272727272728 0.29975728155339804 0.05272727272727273 0.08980582524271843
0 0.7427272727272727 0.1844660194174757 0.0890909090909091 0.07766990291262135
0 0.8454545454545455 0.2766990291262136 0.08727272727272728 0.09708737864077668
0 0.6727272727272727 0.08131067961165048 0.08 0.08980582524271843
0 0.5536363636363636 0.12864077669902912 0.07818181818181819 0.08737864077669902
0 0.49727272727272726 0.38834951456310673 0.07818181818181819 0.06796116504854369
0 0.39090909090909093 0.366504854368932 0.06545454545454546 0.06310679611650485
0 0.45 0.4939320388349514 0.06727272727272728 0.11407766990291261
0 0.37 0.45873786407766987 0.0890909090909091 0.08252427184466019
0 0.28545454545454546 0.2378640776699029 0.07272727272727272 0.06310679611650485
0 0.2727272727272727 0.33373786407766987 0.06909090909090909 0.07524271844660194
0 0.20909090909090908 0.28519417475728154 0.06909090909090909 0.0703883495145631
0 0.13454545454545455 0.07766990291262135 0.08 0.1116504854368932
0 0.21636363636363637 0.1686893203883495 0.10545454545454545 0.10922330097087378
0 0.29 0.032766990291262135 0.07090909090909091 0.06067961165048543
0 0.20909090909090908 0.047330097087378634 0.06909090909090909 0.08980582524271843
0 0.031818181818181815 0.03398058252427184 0.06 0.06310679611650485
0 0.038181818181818185 0.12499999999999999 0.07272727272727272 0.11407766990291261
0 0.01090909090909091 0.1953883495145631 0.01818181818181818 0.06067961165048543
0 0.4109090909090909 0.28762135922330095 0.08727272727272728 0.11407766990291261
0 0.38545454545454544 0.5400485436893203 0.04727272727272727 0.08009708737864077
0 0.8409090909090909 0.10558252427184465 0.056363636363636366 0.0703883495145631
