0 0.36333333333333334 0.11432926829268293 0.09000000000000001 0.17378048780487806
0 0.11166666666666668 0.10823170731707317 0.05 0.10670731707317073
0 0.20833333333333334 0.08079268292682927 0.05 0.09451219512195122
0 0.07333333333333333 0.09298780487804878 0.060000000000000005 0.13109756097560976
0 0.225 0.2530487804878049 0.060000000000000005 0.10975609756097561
0 0.2675 0.3201219512195122 0.05166666666666667 0.12195121951219512
0 0.3041666666666667 0.24847560975609756 0.035 0.08841463414634147
0 0.33333333333333337 0.21798780487804878 0.04 0.06402439024390244
0 0.3441666666666667 0.12957317073170732 0.058333333333333334 0.15548780487804878
0 0.39666666666666667 0.20884146341463417 0.05 0.11890243902439025
0 0.4691666666666667 0.24085365853658539 0.058333333333333334 0.11585365853658537
0 0.11 0.5426829268292683 0.05 0.12195121951219512
0 0.165 0.3902439024390244 0.05333333333333334 0.12195121951219512
0 0.2016666666666667 0.3353658536585366 0.05 0.11585365853658537
0 0.21916666666666668 0.4405487804878049 0.055 0.125
0 0.18416666666666667 0.46951219512195125 0.04833333333333334 0.10975609756097561
0 0.09833333333333334 0.46189024390243905 0.05333333333333334 0.09451219512195122
0 0.09416666666666668 0.6432926829268293 0.04833333333333334 0.10365853658536586
0 0.025833333333333337 0.6371951219512195 0.04833333333333334 0.08536585365853659
0 0.04083333333333333 0.4634146341463415 0.045000000000000005 0.11585365853658537
0 0.07416666666666667 0.7469512195121951 0.04833333333333334 0.09146341463414634
0 0.1375 0.7789634146341464 0.04833333333333334 0.09451219512195122
0 0.15583333333333335 0.625 0.04166666666666667 0.0975609756097561
0 0.21083333333333334 0.6371951219512195 0.055 0.11585365853658537
0 0.28250000000000003 0.5990853658536586 0.055 0.10670731707317073
0 0.29000000000000004 0.5045731707317074 0.043333333333333335 0.08841463414634147
0 0.25083333333333335 0.49847560975609756 0.03166666666666667 0.057926829268292686
0 0.21916666666666668 0.5121951219512195 0.055 0.10365853658536586
0 0.06916666666666667 0.8277439024390244 0.055 0.07621951219512195
0 0.05416666666666667 0.9557926829268293 0.055 0.08231707317073171
0 0.17083333333333334 0.7774390243902439 0.055 0.10975609756097561
0 0.18166666666666667 0.8689024390243902 0.06333333333333334 0.07317073170731708
0 0.17833333333333334 0.9634146341463415 0.06333333333333334 0.07317073170731708
0 0.30083333333333334 0.7545731707317074 0.03833333333333334 0.10060975609756098
0 0.34500000000000003 0.8551829268292683 0.05333333333333334 0.11890243902439025
0 0.33 0.7728658536585367 0.05666666666666667 0.06402439024390244
0 0.39083333333333337 0.7957317073170732 0.05166666666666667 0.12195121951219512
0 0.4625 0.7621951219512195 0.05166666666666667 0.10975609756097561
0 0.32916666666666666 0.6097560975609756 0.058333333333333334 0.11585365853658537
0 0.465 0.6463414634146342 0.04 0.10975609756097561
0 0.27166666666666667 0.42835365853658536 0.03666666666666667 0.09451219512195122
0 0.3091666666666667 0.3932926829268293 0.04833333333333334 0.10365853658536586
0 0.36083333333333334 0.3719512195121951 0.055 0.10365853658536586
0 0.37000000000000005 0.288109756097561 0.043333333333333335 0.08841463414634147
0 0.47250000000000003 0.3719512195121951 0.04833333333333334 0.1402439024390244
0 0.51 0.3902439024390244 0.03666666666666667 0.07926829268292683
0 0.5066666666666667 0.46189024390243905 0.043333333333333335 0.08231707317073171
0 0.35083333333333333 0.5015243902439025 0.04166666666666667 0.09451219512195122
0 0.4591666666666667 0.4878048780487805 0.03833333333333334 0.07926829268292683
0 0.51 0.5289634146341463 0.05 0.10060975609756098
0 0.525 0.5701219512195123 0.043333333333333335 0.10365853658536586
0 0.5333333333333333 0.7073170731707318 0.04666666666666667 0.08536585365853659
0 0.5475 0.801829268292683 0.055 0.10365853658536586
0 0.5091666666666667 0.8734756097560976 0.04833333333333334 0.07621951219512195
0 0.5750000000000001 0.8932926829268293 0.04666666666666667 0.06707317073170732
0 0.5966666666666667 0.9451219512195123 0.05 0.07317073170731708
0 0.5725 0.9771341463414634 0.035 0.04573170731707317
0 0.6025 0.6051829268292683 0.055 0.10670731707317073
0 0.54 0.2652439024390244 0.04666666666666667 0.10365853658536586
0 0.6066666666666667 0.3719512195121951 0.04 0.10365853658536586
0 0.5950000000000001 0.3307926829268293 0.04666666666666667 0.10060975609756098
0 0.6141666666666667 0.20426829268292684 0.07500000000000001 0.11585365853658537
0 0.6508333333333334 0.2911585365853659 0.05166666666666667 0.07621951219512195
0 0.6858333333333334 0.3719512195121951 0.058333333333333334 0.12195121951219512
0 0.6758333333333334 0.4862804878048781 0.05166666666666667 0.125
0 0.6291666666666667 0.4954268292682927 0.035 0.06402439024390244
0 0.8658333333333333 0.7271341463414634 0.055 0.11280487804878049
0 0.9025000000000001 0.576219512195122 0.045000000000000005 0.0975609756097561
0 0.9591666666666667 0.09146341463414634 0.045000000000000005 0.08536585365853659
0 0.9466666666666668 0.2911585365853659 0.04666666666666667 0.14329268292682928
0 0.9083333333333334 0.5 0.05333333333333334 0.10975609756097561
0 0.9716666666666667 0.6204268292682927 0.04 0.11280487804878049
0 0.7083333333333334 0.6280487804878049 0.04666666666666667 0.12804878048780488
0 0.81 0.4420731707317073 0.060000000000000005 0.09146341463414634
0 0.8033333333333333 0.6341463414634146 0.05333333333333334 0.0975609756097561
0 0.7466666666666667 0.6737804878048781 0.05 0.0975609756097561
0 0.6891666666666667 0.9375 0.055 0.125
0 0.7425 0.9481707317073171 0.04833333333333334 0.10365853658536586
0 0.6716666666666667 0.6432926829268293 0.03666666666666667 0.09146341463414634
0 0.65 0.9344512195121951 0.04 0.06402439024390244
0 0.7325 0.2759146341463415 0.04166666666666667 0.10060975609756098
0 0.7075 0.2378048780487805 0.035 0.07926829268292683
0 0.7016666666666667 0.12195121951219512 0.05666666666666667 0.17682926829268295
0 0.1625 0.0625 0.05166666666666667 0.0701219512195122
0 0.43833333333333335 0.32926829268292684 0.043333333333333335 0.0975609756097561
0 0.42333333333333334 0.3932926829268293 0.060000000000000005 0.0975609756097561
0 0.7066666666666667 0.8216463414634146 0.10666666666666667 0.09451219512195122
0 0.7025 0.7347560975609756 0.07166666666666667 0.08536585365853659
0 0.9616666666666668 0.8094512195121951 0.04 0.11280487804878049
0 0.9033333333333334 0.9146341463414634 0.043333333333333335 0.06707317073170732
