0 0.41909090909090907 0.6856796116504854 0.1290909090909091 0.17233009708737862
0 0.66 0.7463592233009708 0.09454545454545454 0.12864077669902912
0 0.7145454545454546 0.8300970873786407 0.05818181818181818 0.06310679611650485
0 0.6418181818181818 0.8847087378640776 0.08 0.12378640776699028
0 0.6018181818181818 0.9490291262135921 0.08363636363636363 0.08737864077669902
0 0.5409090909090909 0.9672330097087378 0.05272727272727273 0.06553398058252427
0 0.3327272727272727 0.9587378640776698 0.06181818181818182 0.08252427184466019
0 0.24818181818181817 0.9417475728155339 0.08545454545454545 0.11650485436893203
0 0.15272727272727274 0.9781553398058251 0.04363636363636364 0.04368932038834951
0 0.1709090909090909 0.8798543689320387 0.04727272727272727 0.06067961165048543
0 0.17181818181818181 0.9405339805825242 0.06363636363636363 0.0558252427184466
0 0.09090909090909091 0.8822815533980581 0.09454545454545454 0.1383495145631068
0 0.08272727272727273 0.7548543689320387 0.07454545454545454 0.11650485436893203
0 0.15363636363636363 0.683252427184466 0.08545454545454545 0.12378640776699028
0 0.23272727272727273 0.7281553398058251 0.11272727272727273 0.09223300970873785
0 0.2545454545454545 0.7973300970873786 0.08363636363636363 0.08009708737864077
0 0.019090909090909092 0.7888349514563107 0.034545454545454546 0.10679611650485436
0 0.14 0.5764563106796116 0.05818181818181818 0.0849514563106796
0 0.1809090909090909 0.5109223300970873 0.07818181818181819 0.12378640776699028
0 0.07454545454545454 0.5449029126213591 0.06545454545454546 0.08009708737864077
0 0.10454545454545454 0.45388349514563103 0.09272727272727273 0.12135922330097086
0 0.2409090909090909 0.42718446601941745 0.07818181818181819 0.06796116504854369
0 0.2818181818181818 0.48786407766990286 0.08363636363636363 0.08252427184466019
0 0.31727272727272726 0.5594660194174756 0.06727272727272728 0.08980582524271843
0 0.2972727272727273 0.6577669902912621 0.06363636363636363 0.10679611650485436
0 0.3527272727272727 0.6334951456310679 0.05818181818181818 0.07281553398058252
0 0.42 0.7002427184466019 0.10181818181818182 0.11407766990291261
0 0.35363636363636364 0.8118932038834951 0.10363636363636364 0.14320388349514562
0 0.5836363636363636 0.779126213592233 0.05454545454545454 0.10679611650485436
0 0.7436363636363637 0.953883495145631 0.07272727272727272 0.09223300970873785
0 0.7818181818181819 0.7305825242718446 0.12727272727272726 0.15048543689320387
0 0.8409090909090909 0.5910194174757281 0.13272727272727272 0.15776699029126212
0 0.9609090909090909 0.5266990291262136 0.06363636363636363 0.1407766990291262
0 0.7181818181818181 0.6334951456310679 0.08 0.10679611650485436
0 0.6227272727272727 0.6140776699029126 0.09272727272727273 0.1262135922330097
0 0.6845454545454546 0.48907766990291257 0.0890909090909091 0.11893203883495145
0 0.7663636363636364 0.4599514563106796 0.07454545454545454 0.08980582524271843
0 0.6327272727272727 0.34830097087378636 0.09090909090909091 0.10922330097087378
0 0.6381818181818182 0.25849514563106796 0.08 0.0703883495145631
0 0.5827272727272728 0.29975728155339804 0.05272727272727273 0.08980582524271843
0 0.71 0.19417475728155337 0.0890909090909091 0.07766990291262135
0 0.6163636363636363 0.18689320388349512 0.08727272727272728 0.09708737864077668
0 0.6290909090909091 0.09344660194174756 0.08 0.08980582524271843
0 0.5536363636363636 0.12864077669902912 0.07818181818181819 0.08737864077669902
0 0.5672727272727273 0.0424757281553398 0.11272727272727273 0.07524271844660194
0 0.42818181818181816 0.040048543689320384 0.06727272727272728 0.0703883495145631
0 0.46454545454545454 0.11650485436893203 0.08181818181818182 0.07766990291262135
0 0.48545454545454547 0.25728155339805825 0.12727272727272726 0.19417475728155337
0 0.49727272727272726 0.38834951456310673 0.07818181818181819 0.06796116504854369
0 0.39090909090909093 0.366504854368932 0.06545454545454546 0.06310679611650485
0 0.45 0.4939320388349514 0.06727272727272728 0.11407766990291261
0 0.5181818181818182 0.4660194174757281 0.05454545454545454 0.07766990291262135
0 0.5736363636363636 0.5546116504854368 0.1 0.08980582524271843
0 0.37 0.45873786407766987 0.0890909090909091 0.08252427184466019
0 0.3381818181818182 0.387135922330097 0.06181818181818182 0.07524271844660194
0 0.31363636363636366 0.31674757281553395 0.06727272727272728 0.0703883495145631
0 0.2727272727272727 0.3555825242718446 0.06909090909090909 0.0703883495145631
0 0.18 0.3713592233009708 0.06181818181818182 0.08252427184466019
0 0.15545454545454546 0.23665048543689318 0.07454545454545454 0.12864077669902912
0 0.07363636363636364 0.2657766990291262 0.08181818181818182 0.10922330097087378
0 0.03727272727272727 0.39441747572815533 0.07090909090909091 0.13349514563106796
0 0.13454545454545455 0.07766990291262135 0.08 0.1116504854368932
0 0.22272727272727272 0.13228155339805825 0.09636363636363636 0.08980582524271843
0 0.29 0.032766990291262135 0.07090909090909091 0.06067961165048543
0 0.20909090909090908 0.047330097087378634 0.06909090909090909 0.08980582524271843
0 0.031818181818181815 0.03398058252427184 0.06 0.06310679611650485
0 0.038181818181818185 0.12499999999999999 0.07272727272727272 0.11407766990291261
0 0.01090909090909091 0.1953883495145631 0.01818181818181818 0.06067961165048543
0 0.36818181818181817 0.28519417475728154 0.07090909090909091 0.08980582524271843
0 0.38545454545454544 0.5400485436893203 0.04727272727272727 0.08009708737864077
0 0.8645454545454545 0.7669902912621358 0.05272727272727273 0.10679611650485436
0 0.4709090909090909 0.9405339805825242 0.07272727272727272 0.08009708737864077
0 0.36727272727272725 0.02669902912621359 0.05090909090909091 0.04854368932038834
0 0.01818181818181818 0.5339805825242718 0.03272727272727273 0.11650485436893203
