0 0.0975 0.09603658536585366 0.05166666666666667 0.10670731707317073
0 0.06166666666666667 0.1600609756097561 0.060000000000000005 0.13109756097560976
0 0.03833333333333334 0.2225609756097561 0.05666666666666667 0.09146341463414634
0 0.2675 0.3201219512195122 0.05166666666666667 0.12195121951219512
0 0.3241666666666667 0.2530487804878049 0.065 0.13414634146341464
0 0.3541666666666667 0.11128048780487805 0.058333333333333334 0.15548780487804878
0 0.41500000000000004 0.21798780487804878 0.05 0.11890243902439025
0 0.4658333333333334 0.20884146341463417 0.04833333333333334 0.11280487804878049
0 0.10500000000000001 0.3871951219512195 0.05 0.12195121951219512
0 0.14 0.3719512195121951 0.05333333333333334 0.12195121951219512
0 0.18833333333333335 0.3323170731707317 0.05 0.11585365853658537
0 0.21916666666666668 0.4405487804878049 0.055 0.125
0 0.17916666666666667 0.48170731707317077 0.04833333333333334 0.10975609756097561
0 0.12666666666666668 0.5182926829268293 0.04666666666666667 0.10365853658536586
0 0.07833333333333334 0.6097560975609756 0.06333333333333334 0.10975609756097561
0 0.028333333333333335 0.5701219512195123 0.04666666666666667 0.11585365853658537
0 0.06166666666666667 0.701219512195122 0.04666666666666667 0.10365853658536586
0 0.10916666666666668 0.7317073170731707 0.04833333333333334 0.09146341463414634
0 0.15583333333333335 0.6966463414634146 0.04833333333333334 0.09451219512195122
0 0.21250000000000002 0.6722560975609756 0.045000000000000005 0.125
0 0.2541666666666667 0.5884146341463414 0.055 0.11585365853658537
0 0.29000000000000004 0.5045731707317074 0.043333333333333335 0.08841463414634147
0 0.25083333333333335 0.49847560975609756 0.03166666666666667 0.057926829268292686
0 0.21000000000000002 0.5396341463414634 0.05 0.06707317073170732
0 0.16666666666666669 0.8094512195121951 0.05333333333333334 0.07621951219512195
0 0.085 0.8033536585365854 0.05666666666666667 0.09451219512195122
0 0.085 0.8917682926829269 0.05333333333333334 0.08231707317073171
0 0.10750000000000001 0.9481707317073171 0.05166666666666667 0.10365853658536586
0 0.265 0.8658536585365854 0.05333333333333334 0.13414634146341464
0 0.3041666666666667 0.8155487804878049 0.04833333333333334 0.125
0 0.33416666666666667 0.9542682926829269 0.04833333333333334 0.09146341463414634
0 0.4266666666666667 0.614329268292683 0.04 0.11280487804878049
0 0.465 0.6463414634146342 0.04 0.10975609756097561
0 0.27166666666666667 0.42835365853658536 0.03666666666666667 0.09451219512195122
0 0.3091666666666667 0.3932926829268293 0.04833333333333334 0.10365853658536586
0 0.36083333333333334 0.3719512195121951 0.055 0.10365853658536586
0 0.49833333333333335 0.2774390243902439 0.05 0.09146341463414634
0 0.5141666666666667 0.42378048780487804 0.058333333333333334 0.12195121951219512
0 0.3841666666666667 0.4375 0.04166666666666667 0.09451219512195122
0 0.4516666666666667 0.5045731707317074 0.04 0.10060975609756098
0 0.49000000000000005 0.5442073170731707 0.05 0.10060975609756098
0 0.515 0.5914634146341463 0.030000000000000002 0.06707317073170732
0 0.5666666666666667 0.6432926829268293 0.04666666666666667 0.08536585365853659
0 0.48000000000000004 0.7439024390243902 0.05333333333333334 0.10975609756097561
0 0.45 0.8399390243902439 0.043333333333333335 0.06402439024390244
0 0.5433333333333333 0.701219512195122 0.03333333333333333 0.07317073170731708
0 0.5558333333333334 0.30640243902439024 0.03833333333333334 0.08841463414634147
0 0.5633333333333334 0.13719512195121952 0.07333333333333333 0.1402439024390244
0 0.5850000000000001 0.24695121951219512 0.060000000000000005 0.07926829268292683
0 0.6625000000000001 0.33384146341463417 0.05166666666666667 0.09451219512195122
0 0.7116666666666667 0.32621951219512196 0.05333333333333334 0.07926829268292683
0 0.6808333333333334 0.44664634146341464 0.05166666666666667 0.125
0 0.8333333333333334 0.5198170731707318 0.05666666666666667 0.11280487804878049
0 0.8366666666666667 0.4054878048780488 0.04666666666666667 0.0975609756097561
0 0.8766666666666667 0.32621951219512196 0.05333333333333334 0.10975609756097561
0 0.9108333333333334 0.2621951219512195 0.055 0.06707317073170732
0 0.8841666666666668 0.04878048780487805 0.04833333333333334 0.09146341463414634
0 0.6966666666666667 0.5975609756097561 0.04 0.08536585365853659
0 0.7391666666666667 0.4329268292682927 0.03833333333333334 0.0975609756097561
0 0.7266666666666667 0.5426829268292683 0.05333333333333334 0.0975609756097561
0 0.7258333333333333 0.8414634146341464 0.045000000000000005 0.07926829268292683
0 0.67 0.6920731707317074 0.03666666666666667 0.09146341463414634
0 0.6658333333333334 0.22408536585365854 0.035 0.06402439024390244
0 0.685 0.14329268292682928 0.05666666666666667 0.11585365853658537
0 0.7725000000000001 0.12042682926829269 0.06166666666666667 0.10670731707317073
0 0.5658333333333334 0.7560975609756098 0.04833333333333334 0.08536585365853659
0 0.6241666666666668 0.6753048780487805 0.03833333333333334 0.08841463414634147
0 0.7266666666666667 0.6676829268292683 0.03666666666666667 0.06707317073170732
0 0.3841666666666667 0.9466463414634146 0.045000000000000005 0.10670731707317073
0 0.4316666666666667 0.9420731707317074 0.060000000000000005 0.11585365853658537
0 0.9733333333333334 0.5960365853658537 0.043333333333333335 0.10060975609756098
0 0.9308333333333334 0.6234756097560976 0.045000000000000005 0.08231707317073171
0 0.8758333333333334 0.6097560975609756 0.06166666666666667 0.10365853658536586
0 0.8916666666666667 0.7134146341463415 0.05333333333333334 0.07926829268292683
0 0.8858333333333334 0.7942073170731707 0.05166666666666667 0.07621951219512195
0 0.8641666666666667 0.899390243902439 0.07500000000000001 0.10975609756097561
0 0.9275000000000001 0.8704268292682927 0.07166666666666667 0.11890243902439025
0 0.9225000000000001 0.951219512195122 0.125 0.09146341463414634
0 0.79 0.8201219512195123 0.04 0.07317073170731708
0 0.8216666666666668 0.7759146341463415 0.060000000000000005 0.11890243902439025
0 0.7216666666666667 0.9192073170731707 0.04666666666666667 0.08231707317073171
0 0.36250000000000004 0.5259146341463414 0.055 0.07621951219512195
0 0.4091666666666667 0.4954268292682927 0.04166666666666667 0.08231707317073171
0 0.02 0.042682926829268296 0.03666666666666667 0.07926829268292683
0 0.060000000000000005 0.042682926829268296 0.04 0.07926829268292683
0 0.44583333333333336 0.07469512195121951 0.07166666666666667 0.14329268292682928
0 0.5091666666666667 0.13871951219512196 0.055 0.11280487804878049
0 0.8875000000000001 0.19817073170731708 0.035 0.07926829268292683
0 0.7875000000000001 0.4573170731707317 0.04166666666666667 0.08536585365853659
0 0.22 0.9359756097560976 0.060000000000000005 0.0975609756097561
0 0.2733333333333334 0.701219512195122 0.060000000000000005 0.07926829268292683
0 0.21333333333333335 0.8353658536585367 0.043333333333333335 0.09146341463414634
