0 0.26545454545454544 0.6140776699029126 0.13818181818181818 0.1844660194174757
0 0.769090909090909 0.8640776699029126 0.08 0.08737864077669902
0 0.63 0.8033980582524272 0.10727272727272727 0.15048543689320387
0 0.5672727272727273 0.9563106796116504 0.08363636363636363 0.08737864077669902
0 0.5227272727272727 0.8567961165048543 0.09636363636363636 0.11650485436893203
0 0.39181818181818184 0.9733009708737863 0.06363636363636363 0.05339805825242718
0 0.24 0.9174757281553397 0.06909090909090909 0.08252427184466019
0 0.15272727272727274 0.9781553398058251 0.04363636363636364 0.04368932038834951
0 0.1709090909090909 0.8798543689320387 0.04727272727272727 0.06067961165048543
0 0.17181818181818181 0.9405339805825242 0.06363636363636363 0.0558252427184466
0 0.09090909090909091 0.8822815533980581 0.09454545454545454 0.1383495145631068
0 0.11181818181818182 0.808252427184466 0.07454545454545454 0.11650485436893203
0 0.6854545454545454 0.3118932038834951 0.08727272727272728 0.07524271844660194
0 0.2109090909090909 0.7354368932038834 0.11272727272727273 0.09223300970873785
0 0.2545454545454545 0.7973300970873786 0.08363636363636363 0.08009708737864077
0 0.019090909090909092 0.7888349514563107 0.034545454545454546 0.10679611650485436
0 0.03 0.4186893203883495 0.056363636363636366 0.0849514563106796
0 0.1809090909090909 0.5109223300970873 0.07818181818181819 0.12378640776699028
0 0.057272727272727274 0.6444174757281553 0.0890909090909091 0.1383495145631068
0 0.10454545454545454 0.4490291262135922 0.09272727272727273 0.12135922330097086
0 0.2409090909090909 0.42718446601941745 0.07818181818181819 0.06796116504854369
0 0.2772727272727273 0.5084951456310679 0.09272727272727273 0.08980582524271843
0 0.34454545454545454 0.7160194174757281 0.06363636363636363 0.10679611650485436
0 0.4763636363636364 0.6334951456310679 0.09090909090909091 0.1262135922330097
0 0.4290909090909091 0.7560679611650485 0.10181818181818182 0.11407766990291261
0 0.3463636363636364 0.8410194174757281 0.10363636363636364 0.14320388349514562
0 0.5272727272727272 0.7451456310679611 0.05454545454545454 0.10679611650485436
0 0.7436363636363637 0.953883495145631 0.07272727272727272 0.09223300970873785
0 0.7818181818181819 0.733009708737864 0.12727272727272726 0.1553398058252427
0 0.8409090909090909 0.5910194174757281 0.13272727272727272 0.15776699029126212
0 0.7181818181818181 0.6334951456310679 0.08 0.10679611650485436
0 0.6227272727272727 0.6140776699029126 0.09272727272727273 0.1262135922330097
0 0.6845454545454546 0.48907766990291257 0.0890909090909091 0.11893203883495145
0 0.7572727272727273 0.404126213592233 0.07454545454545454 0.08980582524271843
0 0.6681818181818182 0.3895631067961165 0.07454545454545454 0.08009708737864077
0 0.6036363636363636 0.36286407766990286 0.08 0.0703883495145631
0 0.5827272727272728 0.29975728155339804 0.05272727272727273 0.08980582524271843
0 0.7463636363636363 0.12135922330097086 0.09636363636363636 0.1262135922330097
0 0.9490909090909091 0.12378640776699028 0.08727272727272728 0.09708737864077668
0 0.8436363636363636 0.11529126213592232 0.08 0.08980582524271843
0 0.5663636363636364 0.12864077669902912 0.07818181818181819 0.08737864077669902
0 0.88 0.0424757281553398 0.11272727272727273 0.07524271844660194
0 0.6354545454545455 0.03640776699029126 0.06727272727272728 0.06796116504854369
0 0.39181818181818184 0.20631067961165048 0.08181818181818182 0.07766990291262135
0 0.5363636363636364 0.2645631067961165 0.12727272727272726 0.19417475728155337
0 0.49727272727272726 0.38834951456310673 0.07818181818181819 0.06796116504854369
0 0.39090909090909093 0.366504854368932 0.06545454545454546 0.06310679611650485
0 0.39181818181818184 0.48665048543689315 0.06727272727272728 0.11407766990291261
0 0.5181818181818182 0.4660194174757281 0.05454545454545454 0.07766990291262135
0 0.6063636363636363 0.45752427184466016 0.1 0.08980582524271843
0 0.37 0.45873786407766987 0.0890909090909091 0.08252427184466019
0 0.2772727272727273 0.3058252427184466 0.0890909090909091 0.06310679611650485
0 0.20545454545454545 0.35922330097087374 0.06181818181818182 0.08252427184466019
0 0.08272727272727273 0.2536407766990291 0.08181818181818182 0.10922330097087378
0 0.12181818181818181 0.3495145631067961 0.11636363636363636 0.11650485436893203
0 0.2018181818181818 0.14563106796116504 0.08 0.1116504854368932
0 0.28454545454545455 0.22936893203883493 0.09636363636363636 0.08980582524271843
0 0.27545454545454545 0.05218446601941747 0.07090909090909091 0.06067961165048543
0 0.17454545454545456 0.05218446601941747 0.06909090909090909 0.08980582524271843
0 0.04454545454545455 0.032766990291262135 0.06 0.06067961165048543
0 0.1 0.08859223300970873 0.07272727272727272 0.11407766990291261
0 0.01090909090909091 0.1953883495145631 0.01818181818181818 0.06067961165048543
0 0.36818181818181817 0.28519417475728154 0.07090909090909091 0.08980582524271843
0 0.4672727272727273 0.5412621359223301 0.11272727272727273 0.08252427184466019
0 0.8290909090909091 0.9271844660194174 0.08363636363636363 0.11650485436893203
0 0.43272727272727274 0.8798543689320387 0.07272727272727272 0.08009708737864077
0 0.3690909090909091 0.11043689320388349 0.06909090909090909 0.07524271844660194
0 0.01818181818181818 0.5339805825242718 0.03272727272727273 0.11650485436893203
0 0.7463636363636363 0.25970873786407767 0.07818181818181819 0.09223300970873785
0 0.6718181818181819 0.21359223300970873 0.08545454545454545 0.08252427184466019
0 0.8318181818181818 0.2257281553398058 0.056363636363636366 0.07281553398058252
