0 0.6558333333333334 0.11737804878048781 0.058333333333333334 0.13109756097560976
0 0.1 0.12347560975609756 0.05 0.10670731707317073
0 0.06166666666666667 0.10823170731707317 0.060000000000000005 0.13109756097560976
0 0.03666666666666667 0.2774390243902439 0.05666666666666667 0.09146341463414634
0 0.22166666666666668 0.2835365853658537 0.060000000000000005 0.10975609756097561
0 0.3041666666666667 0.24847560975609756 0.035 0.08841463414634147
0 0.33333333333333337 0.21798780487804878 0.04 0.06402439024390244
0 0.32 0.14481707317073172 0.04666666666666667 0.11890243902439025
0 0.39666666666666667 0.20884146341463417 0.05 0.11890243902439025
0 0.46 0.14634146341463417 0.07 0.17073170731707318
0 0.11750000000000001 0.34451219512195125 0.04833333333333334 0.12195121951219512
0 0.21416666666666667 0.4954268292682927 0.055 0.125
0 0.14750000000000002 0.5579268292682927 0.04833333333333334 0.10975609756097561
0 0.04166666666666667 0.44664634146341464 0.05333333333333334 0.09451219512195122
0 0.11583333333333334 0.42378048780487804 0.04833333333333334 0.10365853658536586
0 0.035833333333333335 0.5640243902439025 0.045000000000000005 0.11585365853658537
0 0.03833333333333334 0.625 0.04666666666666667 0.10365853658536586
0 0.24416666666666667 0.6600609756097561 0.05166666666666667 0.08841463414634147
0 0.31333333333333335 0.7286585365853658 0.06666666666666667 0.10975609756097561
0 0.32666666666666666 0.48170731707317077 0.05333333333333334 0.10365853658536586
0 0.28500000000000003 0.13719512195121952 0.060000000000000005 0.10975609756097561
0 0.05666666666666667 0.7911585365853658 0.05333333333333334 0.07621951219512195
0 0.0325 0.7317073170731707 0.03166666666666667 0.07317073170731708
0 0.029166666666666667 0.8856707317073171 0.04166666666666667 0.08231707317073171
0 0.125 0.8521341463414634 0.05333333333333334 0.08231707317073171
0 0.17500000000000002 0.8658536585365854 0.05 0.10365853658536586
0 0.21750000000000003 0.926829268292683 0.065 0.07317073170731708
0 0.2566666666666667 0.7896341463414634 0.05333333333333334 0.13414634146341464
0 0.31083333333333335 0.8384146341463415 0.03833333333333334 0.0975609756097561
0 0.34500000000000003 0.8551829268292683 0.05333333333333334 0.11890243902439025
0 0.3383333333333334 0.9405487804878049 0.05666666666666667 0.06402439024390244
0 0.46 0.7667682926829269 0.05333333333333334 0.10060975609756098
0 0.4266666666666667 0.614329268292683 0.04 0.11280487804878049
0 0.465 0.6463414634146342 0.04 0.10975609756097561
0 0.3141666666666667 0.36585365853658536 0.04833333333333334 0.10365853658536586
0 0.37000000000000005 0.288109756097561 0.043333333333333335 0.08841463414634147
0 0.41583333333333333 0.33689024390243905 0.04833333333333334 0.13719512195121952
0 0.4566666666666667 0.3353658536585366 0.03666666666666667 0.07926829268292683
0 0.42083333333333334 0.46189024390243905 0.04166666666666667 0.09451219512195122
0 0.4591666666666667 0.4878048780487805 0.03833333333333334 0.07926829268292683
0 0.49000000000000005 0.5442073170731707 0.05 0.10060975609756098
0 0.5033333333333334 0.6128048780487805 0.030000000000000002 0.06707317073170732
0 0.52 0.6676829268292683 0.04666666666666667 0.08536585365853659
0 0.5375000000000001 0.7682926829268293 0.055 0.10365853658536586
0 0.5 0.7850609756097561 0.043333333333333335 0.06402439024390244
0 0.5041666666666667 0.8490853658536586 0.055 0.07621951219512195
0 0.5966666666666667 0.9527439024390244 0.03666666666666667 0.04573170731707317
0 0.5658333333333334 0.5442073170731707 0.055 0.10670731707317073
0 0.5533333333333333 0.2835365853658537 0.04666666666666667 0.10365853658536586
0 0.53 0.20426829268292684 0.07333333333333333 0.1402439024390244
0 0.5966666666666667 0.4207317073170732 0.04 0.10365853658536586
0 0.5950000000000001 0.3307926829268293 0.04666666666666667 0.10060975609756098
0 0.6141666666666667 0.20426829268292684 0.07500000000000001 0.11585365853658537
0 0.6508333333333334 0.2911585365853659 0.05166666666666667 0.07621951219512195
0 0.6858333333333334 0.3719512195121951 0.058333333333333334 0.12195121951219512
0 0.8400000000000001 0.6875 0.05666666666666667 0.11280487804878049
0 0.8858333333333334 0.3719512195121951 0.045000000000000005 0.0975609756097561
0 0.8466666666666667 0.24390243902439024 0.08 0.10975609756097561
0 0.8958333333333334 0.09603658536585366 0.04166666666666667 0.11280487804878049
0 0.9400000000000001 0.09908536585365854 0.05333333333333334 0.125
0 0.8491666666666667 0.14176829268292684 0.04833333333333334 0.08231707317073171
0 0.92 0.5533536585365854 0.04666666666666667 0.14329268292682928
0 0.9733333333333334 0.5609756097560976 0.05333333333333334 0.10975609756097561
0 0.9700000000000001 0.888719512195122 0.04 0.11280487804878049
0 0.8991666666666667 0.6966463414634146 0.05166666666666667 0.10060975609756098
0 0.91 0.8414634146341464 0.04666666666666667 0.07926829268292683
0 0.8400000000000001 0.9283536585365854 0.060000000000000005 0.09451219512195122
0 0.8650000000000001 0.8567073170731707 0.05 0.08536585365853659
0 0.7083333333333334 0.6280487804878049 0.04666666666666667 0.12804878048780488
0 0.785 0.5152439024390244 0.060000000000000005 0.09146341463414634
0 0.7433333333333334 0.5701219512195123 0.05333333333333334 0.0975609756097561
0 0.6975 0.8064024390243902 0.055 0.125
0 0.7258333333333333 0.9481707317073171 0.04833333333333334 0.10365853658536586
0 0.6516666666666667 0.8719512195121951 0.043333333333333335 0.08536585365853659
0 0.6516666666666667 0.9405487804878049 0.04 0.06402439024390244
0 0.7758333333333334 0.2545731707317073 0.055 0.14329268292682928
0 0.7075 0.2378048780487805 0.035 0.07926829268292683
0 0.6683333333333333 0.21798780487804878 0.05 0.11890243902439025
0 0.7383333333333334 0.06707317073170732 0.06333333333333334 0.07317073170731708
0 0.4291666666666667 0.8521341463414634 0.04166666666666667 0.08231707317073171
0 0.395 0.899390243902439 0.04 0.054878048780487805
0 0.42083333333333334 0.9466463414634146 0.04166666666666667 0.06402439024390244
0 0.9666666666666667 0.16615853658536586 0.03333333333333333 0.09451219512195122
0 0.8200000000000001 0.46951219512195125 0.04666666666666667 0.08536585365853659
0 0.7825000000000001 0.4207317073170732 0.04833333333333334 0.10365853658536586
0 0.7066666666666667 0.5015243902439025 0.05333333333333334 0.08841463414634147
0 0.61 0.7896341463414634 0.04666666666666667 0.10975609756097561
0 0.7408333333333333 0.7804878048780488 0.06166666666666667 0.13414634146341464
0 0.28833333333333333 0.9466463414634146 0.05 0.06402439024390244
0 0.08750000000000001 0.2378048780487805 0.058333333333333334 0.12195121951219512
0 0.375 0.06707317073170732 0.060000000000000005 0.08536585365853659
