0 0.6481818181818182 0.6881067961165048 0.12181818181818181 0.16262135922330095
0 0.6581818181818182 0.9356796116504854 0.09454545454545454 0.12864077669902912
0 0.7145454545454546 0.8300970873786407 0.05818181818181818 0.06310679611650485
0 0.5727272727272728 0.8021844660194174 0.08 0.12378640776699028
0 0.6018181818181818 0.9490291262135921 0.08363636363636363 0.08737864077669902
0 0.5409090909090909 0.9672330097087378 0.05272727272727273 0.06553398058252427
0 0.3327272727272727 0.9587378640776698 0.06181818181818182 0.08252427184466019
0 0.24818181818181817 0.9417475728155339 0.08545454545454545 0.11650485436893203
0 0.15272727272727274 0.9781553398058251 0.04363636363636364 0.04368932038834951
0 0.1709090909090909 0.8798543689320387 0.04727272727272727 0.06067961165048543
0 0.17181818181818181 0.9405339805825242 0.06363636363636363 0.0558252427184466
0 0.09090909090909091 0.8822815533980581 0.09454545454545454 0.1383495145631068
0 0.08272727272727273 0.7548543689320387 0.07454545454545454 0.11650485436893203
0 0.15363636363636363 0.683252427184466 0.08545454545454545 0.12378640776699028
0 0.23272727272727273 0.7281553398058251 0.11272727272727273 0.09223300970873785
0 0.2545454545454545 0.7973300970873786 0.08363636363636363 0.08009708737864077
0 0.019090909090909092 0.7888349514563107 0.034545454545454546 0.10679611650485436
0 0.14 0.5764563106796116 0.05818181818181818 0.0849514563106796
0 0.1809090909090909 0.5109223300970873 0.07818181818181819 0.12378640776699028
0 0.07454545454545454 0.5449029126213591 0.06545454545454546 0.08009708737864077
0 0.10454545454545454 0.45388349514563103 0.09272727272727273 0.12135922330097086
0 0.2409090909090909 0.42718446601941745 0.07818181818181819 0.06796116504854369
0 0.2818181818181818 0.48786407766990286 0.08363636363636363 0.08252427184466019
0 0.27545454545454545 0.6225728155339806 0.06727272727272728 0.08980582524271843
0 0.3390909090909091 0.7233009708737863 0.07818181818181819 0.12135922330097086
0 0.4727272727272727 0.7269417475728155 0.08363636363636363 0.12378640776699028
0 0.38272727272727275 0.8495145631067961 0.10363636363636364 0.16019417475728154
0 0.4818181818181818 0.8483009708737863 0.10181818181818182 0.1529126213592233
0 0.8309090909090909 0.9648058252427184 0.10545454545454545 0.0703883495145631
0 0.7845454545454545 0.7936893203883495 0.08545454545454545 0.09708737864077668
0 0.9436363636363636 0.6322815533980582 0.11272727272727273 0.17233009708737862
0 0.7181818181818181 0.6334951456310679 0.08 0.10679611650485436
0 0.6227272727272727 0.6140776699029126 0.09272727272727273 0.1262135922330097
0 0.6827272727272727 0.4502427184466019 0.0890909090909091 0.11893203883495145
0 0.8472727272727273 0.42718446601941745 0.10545454545454545 0.13106796116504854
0 0.8236363636363636 0.2766990291262136 0.13818181818181818 0.16504854368932037
0 0.6945454545454546 0.3276699029126213 0.07272727272727272 0.08252427184466019
0 0.5845454545454546 0.2657766990291262 0.05272727272727273 0.08980582524271843
0 0.7645454545454545 0.4065533980582524 0.07818181818181819 0.08980582524271843
0 0.9309090909090909 0.07281553398058252 0.08727272727272728 0.1262135922330097
0 0.5718181818181818 0.10194174757281553 0.07818181818181819 0.08737864077669902
0 0.47545454545454546 0.0837378640776699 0.06727272727272728 0.0703883495145631
0 0.5127272727272727 0.1565533980582524 0.09090909090909091 0.10436893203883495
0 0.4509090909090909 0.3131067961165048 0.12727272727272726 0.19417475728155337
0 0.49727272727272726 0.38834951456310673 0.07818181818181819 0.06796116504854369
0 0.25727272727272726 0.404126213592233 0.07818181818181819 0.07524271844660194
0 0.44636363636363635 0.5521844660194174 0.06727272727272728 0.11407766990291261
0 0.5136363636363637 0.5048543689320388 0.056363636363636366 0.1262135922330097
0 0.5790909090909091 0.5509708737864077 0.0890909090909091 0.09708737864077668
0 0.37 0.45873786407766987 0.0890909090909091 0.08252427184466019
0 0.18 0.3713592233009708 0.06181818181818182 0.08252427184466019
0 0.15545454545454546 0.23665048543689318 0.07454545454545454 0.12864077669902912
0 0.07363636363636364 0.2657766990291262 0.08181818181818182 0.10922330097087378
0 0.03727272727272727 0.39441747572815533 0.07090909090909091 0.13349514563106796
0 0.2727272727272727 0.17475728155339804 0.09818181818181818 0.09223300970873785
0 0.29 0.032766990291262135 0.07090909090909091 0.06067961165048543
0 0.031818181818181815 0.03398058252427184 0.06 0.06310679611650485
0 0.12 0.032766990291262135 0.07272727272727272 0.06067961165048543
0 0.01090909090909091 0.1953883495145631 0.01818181818181818 0.06067961165048543
0 0.3618181818181818 0.27548543689320387 0.08363636363636363 0.0703883495145631
0 0.38545454545454544 0.5400485436893203 0.04727272727272727 0.08009708737864077
0 0.9136363636363637 0.7924757281553397 0.08181818181818182 0.10436893203883495
0 0.4709090909090909 0.9405339805825242 0.07272727272727272 0.08009708737864077
0 0.3845454545454545 0.07281553398058252 0.11818181818181818 0.1407766990291262
0 0.01818181818181818 0.5339805825242718 0.03272727272727273 0.11650485436893203
