0 0.18250000000000002 0.20731707317073172 0.095 0.18292682926829268
0 0.15416666666666667 0.15091463414634146 0.04833333333333334 0.09451219512195122
0 0.055 0.09451219512195122 0.05 0.09146341463414634
0 0.15833333333333335 0.23628048780487806 0.05666666666666667 0.11280487804878049
0 0.2516666666666667 0.2103658536585366 0.060000000000000005 0.10975609756097561
0 0.24750000000000003 0.3094512195121951 0.05166666666666667 0.11280487804878049
0 0.31583333333333335 0.2759146341463415 0.04166666666666667 0.10060975609756098
0 0.3916666666666667 0.22713414634146342 0.05 0.11890243902439025
0 0.45 0.18902439024390244 0.07 0.17073170731707318
0 0.07666666666666667 0.3719512195121951 0.05 0.0975609756097561
0 0.16166666666666668 0.375 0.05333333333333334 0.12195121951219512
0 0.21500000000000002 0.34756097560975613 0.05 0.11585365853658537
0 0.21916666666666668 0.4405487804878049 0.055 0.125
0 0.06166666666666667 0.4329268292682927 0.05 0.12195121951219512
0 0.12333333333333334 0.6036585365853658 0.04666666666666667 0.10365853658536586
0 0.07500000000000001 0.6676829268292683 0.06333333333333334 0.10975609756097561
0 0.037500000000000006 0.5975609756097561 0.045000000000000005 0.11585365853658537
0 0.035 0.7134146341463415 0.04666666666666667 0.10365853658536586
0 0.14916666666666667 0.676829268292683 0.04833333333333334 0.09146341463414634
0 0.18916666666666668 0.739329268292683 0.04833333333333334 0.09451219512195122
0 0.19166666666666668 0.6082317073170732 0.04 0.08231707317073171
0 0.23750000000000002 0.6219512195121951 0.055 0.11585365853658537
0 0.23583333333333334 0.7332317073170732 0.05166666666666667 0.13719512195121952
0 0.24416666666666667 0.4893292682926829 0.04166666666666667 0.0701219512195122
0 0.2016666666666667 0.5274390243902439 0.05 0.06707317073170732
0 0.13333333333333333 0.763719512195122 0.05333333333333334 0.07621951219512195
0 0.029166666666666667 0.8185975609756098 0.055 0.09451219512195122
0 0.06333333333333334 0.8460365853658537 0.043333333333333335 0.08231707317073171
0 0.028333333333333335 0.9253048780487805 0.05333333333333334 0.08231707317073171
0 0.11833333333333335 0.836890243902439 0.05333333333333334 0.08231707317073171
0 0.23 0.899390243902439 0.05333333333333334 0.13414634146341464
0 0.27083333333333337 0.9024390243902439 0.03833333333333334 0.0975609756097561
0 0.3566666666666667 0.8612804878048781 0.05333333333333334 0.11890243902439025
0 0.31083333333333335 0.9405487804878049 0.055 0.11890243902439025
0 0.40750000000000003 0.8048780487804879 0.05166666666666667 0.12195121951219512
0 0.4266666666666667 0.614329268292683 0.04 0.11280487804878049
0 0.465 0.6463414634146342 0.04 0.10975609756097561
0 0.2833333333333333 0.44664634146341464 0.03666666666666667 0.09451219512195122
0 0.3091666666666667 0.3932926829268293 0.04833333333333334 0.10365853658536586
0 0.36083333333333334 0.3719512195121951 0.055 0.10365853658536586
0 0.3666666666666667 0.2911585365853659 0.043333333333333335 0.08841463414634147
0 0.47250000000000003 0.31097560975609756 0.04833333333333334 0.10365853658536586
0 0.3925 0.4710365853658537 0.04166666666666667 0.09451219512195122
0 0.5033333333333334 0.5503048780487805 0.05 0.10060975609756098
0 0.35333333333333333 0.5335365853658537 0.04666666666666667 0.08536585365853659
0 0.5041666666666667 0.7957317073170732 0.055 0.10365853658536586
0 0.4633333333333334 0.8246951219512195 0.043333333333333335 0.06402439024390244
0 0.47250000000000003 0.8917682926829269 0.055 0.07621951219512195
0 0.5416666666666667 0.8719512195121951 0.04666666666666667 0.06707317073170732
0 0.5716666666666667 0.926829268292683 0.05 0.07317073170731708
0 0.5558333333333334 0.9695121951219513 0.03166666666666667 0.054878048780487805
0 0.5691666666666667 0.5320121951219512 0.055 0.10670731707317073
0 0.5533333333333333 0.2835365853658537 0.04666666666666667 0.10365853658536586
0 0.5333333333333333 0.10365853658536586 0.07333333333333333 0.1402439024390244
0 0.5966666666666667 0.4207317073170732 0.04 0.10365853658536586
0 0.5950000000000001 0.3307926829268293 0.04666666666666667 0.10060975609756098
0 0.6141666666666667 0.20426829268292684 0.07500000000000001 0.11585365853658537
0 0.6508333333333334 0.2911585365853659 0.05166666666666667 0.07621951219512195
0 0.7208333333333333 0.4634146341463415 0.07500000000000001 0.11585365853658537
0 0.68 0.5198170731707318 0.05 0.11280487804878049
0 0.6291666666666667 0.4954268292682927 0.035 0.06402439024390244
0 0.8816666666666667 0.32926829268292684 0.05333333333333334 0.10975609756097561
0 0.9091666666666667 0.2378048780487805 0.05166666666666667 0.11585365853658537
0 0.9025000000000001 0.10975609756097561 0.04166666666666667 0.10975609756097561
0 0.9516666666666668 0.08384146341463415 0.05333333333333334 0.10670731707317073
0 0.9525 0.16310975609756098 0.045000000000000005 0.08231707317073171
0 0.9616666666666668 0.2728658536585366 0.04666666666666667 0.14329268292682928
0 0.9633333333333334 0.6356707317073171 0.04 0.11280487804878049
0 0.7083333333333334 0.6280487804878049 0.04666666666666667 0.12804878048780488
0 0.7966666666666667 0.5060975609756098 0.060000000000000005 0.09146341463414634
0 0.6958333333333334 0.8551829268292683 0.055 0.125
0 0.6458333333333334 0.6295731707317074 0.058333333333333334 0.11890243902439025
0 0.6516666666666667 0.8719512195121951 0.043333333333333335 0.08536585365853659
0 0.6516666666666667 0.9405487804878049 0.04 0.06402439024390244
0 0.7991666666666667 0.26676829268292684 0.04166666666666667 0.10060975609756098
0 0.6950000000000001 0.25914634146341464 0.04666666666666667 0.08536585365853659
0 0.68 0.19969512195121952 0.05 0.11890243902439025
0 0.6191666666666668 0.07469512195121951 0.04833333333333334 0.08231707317073171
0 0.1575 0.041158536585365856 0.05166666666666667 0.0701219512195122
0 0.7625000000000001 0.8978658536585367 0.04833333333333334 0.07621951219512195
0 0.7975000000000001 0.8155487804878049 0.035 0.08231707317073171
0 0.8325 0.7942073170731707 0.03833333333333334 0.09451219512195122
0 0.8725 0.6814024390243902 0.045000000000000005 0.057926829268292686
0 0.8816666666666667 0.7576219512195123 0.05 0.08231707317073171
0 0.8233333333333334 0.16310975609756098 0.043333333333333335 0.11890243902439025
0 0.8125 0.3643292682926829 0.045000000000000005 0.08231707317073171
0 0.8600000000000001 0.08079268292682927 0.05666666666666667 0.09451219512195122
0 0.8075000000000001 0.05182926829268293 0.055 0.08536585365853659
0 0.9166666666666667 0.5426829268292683 0.043333333333333335 0.12804878048780488
0 0.9741666666666667 0.5198170731707318 0.05166666666666667 0.125
0 0.9225000000000001 0.7042682926829269 0.03833333333333334 0.10975609756097561
0 0.029166666666666667 0.27439024390243905 0.05166666666666667 0.08536585365853659
0 0.06916666666666667 0.2942073170731707 0.04833333333333334 0.08231707317073171
0 0.035 0.024390243902439025 0.05666666666666667 0.042682926829268296
0 0.014166666666666668 0.08079268292682927 0.025 0.10670731707317073
0 0.12583333333333335 0.4710365853658537 0.045000000000000005 0.09451219512195122
0 0.3741666666666667 0.6783536585365854 0.04166666666666667 0.09451219512195122
0 0.42250000000000004 0.6981707317073171 0.045000000000000005 0.10365853658536586
0 0.5283333333333333 0.4375 0.05 0.08841463414634147
0 0.5166666666666667 0.34146341463414637 0.04 0.0975609756097561
