0 0.8359375 0.3514957264957265 0.08750000000000001 0.10897435897435899
0 0.34453125 0.12820512820512822 0.060937500000000006 0.09401709401709403
0 0.40859375000000003 0.10897435897435899 0.08281250000000001 0.12393162393162395
0 0.48203125 0.07905982905982907 0.060937500000000006 0.12393162393162395
0 0.54453125 0.10470085470085472 0.0671875 0.13675213675213677
0 0.609375 0.1452991452991453 0.059375000000000004 0.11111111111111112
0 0.65546875 0.1965811965811966 0.0671875 0.0811965811965812
0 0.78046875 0.26175213675213677 0.08281250000000001 0.09615384615384616
0 0.70703125 0.22649572649572652 0.0734375 0.07692307692307693
0 0.6828125 0.28418803418803423 0.037500000000000006 0.05128205128205129
0 0.6015625 0.6303418803418804 0.053125000000000006 0.0811965811965812
0 0.7937500000000001 0.3408119658119658 0.059375000000000004 0.08760683760683761
0 0.76484375 0.3696581196581197 0.0484375 0.07692307692307693
0 0.6640625 0.47008547008547014 0.07500000000000001 0.06837606837606838
0 0.5625 0.2275641025641026 0.046875 0.08333333333333334
0 0.6328125 0.2873931623931624 0.046875 0.09188034188034189
0 0.65546875 0.32585470085470086 0.0703125 0.061965811965811975
0 0.6648437500000001 0.39209401709401714 0.07968750000000001 0.0747863247863248
0 0.7742187500000001 0.5032051282051283 0.0921875 0.09615384615384616
0 0.359375 0.37500000000000006 0.06875 0.08760683760683761
0 0.4859375 0.20940170940170943 0.0625 0.07692307692307693
0 0.41171875 0.24572649572649574 0.0765625 0.08547008547008547
0 0.35000000000000003 0.29594017094017094 0.0625 0.09188034188034189
0 0.5765625 0.3728632478632479 0.05 0.09188034188034189
0 0.6140625000000001 0.4102564102564103 0.040625 0.05128205128205129
0 0.58828125 0.4508547008547009 0.051562500000000004 0.06410256410256411
0 0.72421875 0.6196581196581197 0.0765625 0.0811965811965812
0 0.70234375 0.6944444444444445 0.051562500000000004 0.06837606837606838
0 0.6515625 0.5982905982905984 0.043750000000000004 0.05982905982905984
0 0.60546875 0.5267094017094017 0.035937500000000004 0.04914529914529915
0 0.6351562500000001 0.670940170940171 0.0546875 0.07692307692307693
0 0.55078125 0.4882478632478633 0.0546875 0.0747863247863248
0 0.49609375 0.3055555555555556 0.0484375 0.06837606837606838
0 0.5359375000000001 0.5737179487179488 0.05 0.08760683760683761
0 0.4546875 0.49252136752136755 0.059375000000000004 0.06623931623931624
0 0.5320312500000001 0.3386752136752137 0.0390625 0.05341880341880342
0 0.53125 0.38354700854700857 0.053125000000000006 0.057692307692307696
0 0.509375 0.48397435897435903 0.0625 0.08333333333333334
0 0.43203125000000003 0.4102564102564103 0.0578125 0.07264957264957266
