0 0.6125 0.08689024390243903 0.05166666666666667 0.08231707317073171
0 0.15416666666666667 0.0350609756097561 0.055 0.06402439024390244
0 0.18250000000000002 0.19359756097560976 0.04833333333333334 0.09451219512195122
0 0.06833333333333334 0.05182926829268293 0.043333333333333335 0.0975609756097561
0 0.10250000000000001 0.0975609756097561 0.03833333333333334 0.07926829268292683
0 0.22 0.3231707317073171 0.060000000000000005 0.10975609756097561
0 0.27166666666666667 0.42835365853658536 0.05 0.09451219512195122
0 0.2891666666666667 0.22865853658536586 0.05166666666666667 0.09146341463414634
0 0.31333333333333335 0.03353658536585366 0.04 0.06097560975609756
0 0.39333333333333337 0.19969512195121952 0.05 0.11890243902439025
0 0.46166666666666667 0.20426829268292684 0.07 0.17073170731707318
0 0.265 0.34146341463414637 0.05 0.11585365853658537
0 0.09416666666666668 0.6158536585365854 0.04833333333333334 0.10365853658536586
0 0.060000000000000005 0.5304878048780488 0.04666666666666667 0.11585365853658537
0 0.058333333333333334 0.7225609756097561 0.04666666666666667 0.10365853658536586
0 0.10916666666666668 0.6981707317073171 0.04833333333333334 0.09146341463414634
0 0.15583333333333335 0.6966463414634146 0.04833333333333334 0.09451219512195122
0 0.33416666666666667 0.5320121951219512 0.07500000000000001 0.09451219512195122
0 0.22583333333333336 0.48018292682926833 0.03166666666666667 0.057926829268292686
0 0.22416666666666668 0.5579268292682927 0.05166666666666667 0.06707317073170732
0 0.10500000000000001 0.7789634146341464 0.05333333333333334 0.07621951219512195
0 0.8266666666666668 0.06097560975609756 0.05666666666666667 0.0975609756097561
0 0.0325 0.8460365853658537 0.04166666666666667 0.08231707317073171
0 0.03916666666666667 0.9253048780487805 0.055 0.08231707317073171
0 0.09666666666666668 0.8612804878048781 0.05333333333333334 0.08231707317073171
0 0.23500000000000001 0.8475609756097561 0.05333333333333334 0.13414634146341464
0 0.4133333333333334 0.7591463414634146 0.05666666666666667 0.06707317073170732
0 0.26666666666666666 0.7317073170731707 0.06333333333333334 0.0975609756097561
0 0.3433333333333334 0.7606707317073171 0.05333333333333334 0.10060975609756098
0 0.3616666666666667 0.6128048780487805 0.06666666666666667 0.12804878048780488
0 0.3458333333333334 0.43140243902439024 0.055 0.10670731707317073
0 0.3383333333333334 0.33689024390243905 0.043333333333333335 0.08841463414634147
0 0.41583333333333333 0.33689024390243905 0.04833333333333334 0.13719512195121952
0 0.42083333333333334 0.46189024390243905 0.04166666666666667 0.09451219512195122
0 0.47000000000000003 0.5731707317073171 0.043333333333333335 0.12195121951219512
0 0.5791666666666667 0.75 0.11166666666666668 0.11585365853658537
0 0.8391666666666667 0.6722560975609756 0.025 0.057926829268292686
0 0.38583333333333336 0.9314024390243902 0.055 0.07621951219512195
0 0.5516666666666667 0.8475609756097561 0.04666666666666667 0.06707317073170732
0 0.5716666666666667 0.9420731707317074 0.03333333333333333 0.06707317073170732
0 0.5375000000000001 0.913109756097561 0.04166666666666667 0.06402439024390244
0 0.5425 0.5746951219512195 0.03833333333333334 0.07621951219512195
0 0.5525 0.3673780487804878 0.09166666666666667 0.09451219512195122
0 0.5233333333333333 0.1402439024390244 0.05666666666666667 0.10975609756097561
0 0.5466666666666667 0.6326219512195123 0.03666666666666667 0.06402439024390244
0 0.5366666666666667 0.49847560975609756 0.04666666666666667 0.10060975609756098
0 0.5966666666666667 0.23475609756097562 0.05333333333333334 0.08536585365853659
0 0.5491666666666667 0.4344512195121951 0.05166666666666667 0.07621951219512195
0 0.7341666666666667 0.3978658536585366 0.058333333333333334 0.125
0 0.6041666666666667 0.5076219512195123 0.045000000000000005 0.057926829268292686
0 0.7666666666666667 0.5564024390243902 0.043333333333333335 0.07621951219512195
0 0.8225 0.3048780487804878 0.055 0.10975609756097561
0 0.9466666666666668 0.3079268292682927 0.08666666666666667 0.15853658536585366
0 0.8866666666666667 0.1402439024390244 0.05333333333333334 0.10975609756097561
0 0.9358333333333334 0.10213414634146342 0.05166666666666667 0.08231707317073171
0 0.8658333333333333 0.3307926829268293 0.045000000000000005 0.08231707317073171
0 0.9341666666666667 0.44359756097560976 0.07500000000000001 0.13719512195121952
0 0.9233333333333333 0.5701219512195123 0.05333333333333334 0.10975609756097561
0 0.9550000000000001 0.6600609756097561 0.04666666666666667 0.11890243902439025
0 0.9191666666666667 0.9054878048780488 0.04833333333333334 0.07926829268292683
0 0.8758333333333334 0.9009146341463415 0.04833333333333334 0.09451219512195122
0 0.805 0.8125 0.05333333333333334 0.10060975609756098
0 0.8266666666666668 0.8963414634146342 0.05333333333333334 0.09146341463414634
0 0.6866666666666668 0.6310975609756098 0.05 0.10365853658536586
0 0.7941666666666667 0.4954268292682927 0.065 0.10060975609756098
0 0.755 0.6432926829268293 0.060000000000000005 0.0975609756097561
0 0.7783333333333334 0.7195121951219512 0.05 0.0975609756097561
0 0.7258333333333333 0.7820121951219512 0.04833333333333334 0.0701219512195122
0 0.7483333333333334 0.8536585365853658 0.04 0.07317073170731708
0 0.6291666666666667 0.638719512195122 0.04833333333333334 0.08841463414634147
0 0.7716666666666667 0.33689024390243905 0.04666666666666667 0.10060975609756098
0 0.6900000000000001 0.29268292682926833 0.04 0.08536585365853659
0 0.6483333333333334 0.21189024390243902 0.043333333333333335 0.09451219512195122
0 0.7841666666666667 0.17378048780487806 0.04166666666666667 0.07926829268292683
0 0.5458333333333334 0.24847560975609756 0.04833333333333334 0.08231707317073171
0 0.67 0.10975609756097561 0.06333333333333334 0.07926829268292683
0 0.18583333333333335 0.10365853658536586 0.07166666666666667 0.0975609756097561
0 0.26 0.12804878048780488 0.05666666666666667 0.0975609756097561
0 0.7016666666666667 0.2027439024390244 0.06666666666666667 0.07621951219512195
0 0.7266666666666667 0.06402439024390244 0.07 0.08536585365853659
