0 0.7518181818181818 0.8640776699029126 0.09272727272727273 0.11650485436893203
0 0.38272727272727275 0.928398058252427 0.11454545454545455 0.14320388349514562
0 0.27545454545454545 0.9393203883495145 0.08545454545454545 0.11650485436893203
0 0.12818181818181817 0.8216019417475727 0.08545454545454545 0.10922330097087378
0 0.16 0.9077669902912621 0.05818181818181818 0.08252427184466019
0 0.0809090909090909 0.9478155339805825 0.1 0.10436893203883495
0 0.038181818181818185 0.6820388349514562 0.07272727272727272 0.11650485436893203
0 0.15363636363636363 0.683252427184466 0.08545454545454545 0.12378640776699028
0 0.23272727272727273 0.7281553398058251 0.11272727272727273 0.09223300970873785
0 0.2545454545454545 0.7973300970873786 0.08363636363636363 0.08009708737864077
0 0.04363636363636364 0.8276699029126213 0.08363636363636363 0.1699029126213592
0 0.14 0.5764563106796116 0.05818181818181818 0.0849514563106796
0 0.1809090909090909 0.5109223300970873 0.07818181818181819 0.12378640776699028
0 0.07454545454545454 0.5449029126213591 0.06545454545454546 0.08009708737864077
0 0.2636363636363636 0.4490291262135922 0.08 0.06796116504854369
0 0.2818181818181818 0.48786407766990286 0.08363636363636363 0.08252427184466019
0 0.31727272727272726 0.5594660194174756 0.06727272727272728 0.08980582524271843
0 0.2972727272727273 0.6577669902912621 0.06363636363636363 0.10679611650485436
0 0.4163636363636364 0.733009708737864 0.07272727272727272 0.08737864077669902
0 0.39 0.8046116504854368 0.09272727272727273 0.12378640776699028
0 0.5872727272727273 0.7317961165048543 0.09454545454545454 0.14805825242718446
0 0.7090909090909091 0.9514563106796116 0.07272727272727272 0.09223300970873785
0 0.78 0.6966019417475727 0.12727272727272726 0.15048543689320387
0 0.9281818181818182 0.6856796116504854 0.13272727272727272 0.15776699029126212
0 0.6227272727272727 0.6140776699029126 0.09272727272727273 0.1262135922330097
0 0.7281818181818182 0.5424757281553397 0.0890909090909091 0.11893203883495145
0 0.8063636363636364 0.4356796116504854 0.10727272727272727 0.14805825242718446
0 0.6290909090909091 0.4648058252427184 0.09090909090909091 0.10922330097087378
0 0.6472727272727272 0.3216019417475728 0.08 0.0703883495145631
0 0.5827272727272728 0.29975728155339804 0.05272727272727273 0.08980582524271843
0 0.7881818181818182 0.27184466019417475 0.13636363636363635 0.17961165048543687
0 0.4918181818181818 0.07281553398058252 0.1 0.09708737864077668
0 0.4390909090909091 0.27184466019417475 0.08181818181818182 0.07766990291262135
0 0.5145454545454545 0.27305825242718446 0.06909090909090909 0.16262135922330095
0 0.49727272727272726 0.38834951456310673 0.07818181818181819 0.06796116504854369
0 0.36272727272727273 0.33009708737864074 0.11454545454545455 0.13106796116504854
0 0.43727272727272726 0.5376213592233009 0.06727272727272728 0.11407766990291261
0 0.5181818181818182 0.4660194174757281 0.05454545454545454 0.07766990291262135
0 0.5736363636363636 0.5546116504854368 0.1 0.08980582524271843
0 0.4090909090909091 0.41140776699029125 0.06181818181818182 0.07524271844660194
0 0.2681818181818182 0.27305825242718446 0.06727272727272728 0.0703883495145631
0 0.07363636363636364 0.2657766990291262 0.08181818181818182 0.10922330097087378
0 0.03727272727272727 0.39441747572815533 0.07090909090909091 0.13349514563106796
0 0.3381818181818182 0.14927184466019416 0.07636363636363637 0.10436893203883495
0 0.4 0.6177184466019416 0.04727272727272727 0.08009708737864077
0 0.8881818181818182 0.866504854368932 0.07818181818181819 0.1262135922330097
0 0.5063636363636363 0.8895631067961164 0.10727272727272727 0.1529126213592233
0 0.38636363636363635 0.0558252427184466 0.0890909090909091 0.10679611650485436
0 0.01818181818181818 0.5339805825242718 0.03272727272727273 0.11650485436893203
0 0.41818181818181815 0.1383495145631068 0.06909090909090909 0.1262135922330097
0 0.4718181818181818 0.18082524271844658 0.06 0.07524271844660194
