0 0.5890909090909091 0.7888349514563107 0.13454545454545455 0.17475728155339804
0 0.7081818181818181 0.741504854368932 0.07454545454545454 0.10922330097087378
0 0.9336363636363636 0.899271844660194 0.10727272727272727 0.1674757281553398
0 0.7109090909090909 0.9381067961165048 0.08 0.12378640776699028
0 0.6254545454545455 0.953883495145631 0.08363636363636363 0.08737864077669902
0 0.3654545454545455 0.9101941747572815 0.06181818181818182 0.08252427184466019
0 0.24818181818181817 0.9417475728155339 0.08545454545454545 0.11650485436893203
0 0.025454545454545455 0.9745145631067961 0.04727272727272727 0.050970873786407765
0 0.09454545454545454 0.9696601941747572 0.04727272727272727 0.06067961165048543
0 0.18181818181818182 0.933252427184466 0.06909090909090909 0.11893203883495145
0 0.11272727272727273 0.7220873786407767 0.05818181818181818 0.0849514563106796
0 0.19090909090909092 0.7208737864077669 0.07272727272727272 0.08737864077669902
0 0.2545454545454545 0.7973300970873786 0.08363636363636363 0.08009708737864077
0 0.03909090909090909 0.7281553398058251 0.07454545454545454 0.10679611650485436
0 0.14 0.5764563106796116 0.05818181818181818 0.0849514563106796
0 0.1809090909090909 0.5109223300970873 0.07818181818181819 0.12378640776699028
0 0.07454545454545454 0.5449029126213591 0.06545454545454546 0.08009708737864077
0 0.10454545454545454 0.45388349514563103 0.09272727272727273 0.12135922330097086
0 0.2409090909090909 0.42718446601941745 0.07818181818181819 0.06796116504854369
0 0.2818181818181818 0.48786407766990286 0.08363636363636363 0.08252427184466019
0 0.31727272727272726 0.5594660194174756 0.06727272727272728 0.08980582524271843
0 0.2318181818181818 0.6468446601941747 0.08181818181818182 0.1383495145631068
0 0.3654545454545455 0.6128640776699028 0.06545454545454546 0.09466019417475727
0 0.42 0.7002427184466019 0.10181818181818182 0.11407766990291261
0 0.35363636363636364 0.8118932038834951 0.10363636363636364 0.14320388349514562
0 0.7709090909090909 0.924757281553398 0.07272727272727272 0.09223300970873785
0 0.8036363636363636 0.8106796116504854 0.12727272727272726 0.15048543689320387
0 0.8972727272727272 0.5934466019417475 0.13272727272727272 0.15776699029126212
0 0.9681818181818181 0.5946601941747572 0.06363636363636363 0.1407766990291262
0 0.7772727272727272 0.6674757281553397 0.12545454545454546 0.1407766990291262
0 0.7136363636363636 0.5218446601941747 0.1 0.13106796116504854
0 0.8045454545454546 0.5315533980582524 0.09272727272727273 0.08252427184466019
0 0.7472727272727273 0.3822815533980582 0.09090909090909091 0.10922330097087378
0 0.6381818181818182 0.25849514563106796 0.08 0.0703883495145631
0 0.4163636363636364 0.18689320388349512 0.08727272727272728 0.10679611650485436
0 0.8154545454545454 0.30339805825242716 0.10363636363636364 0.10194174757281553
0 0.6163636363636363 0.18689320388349512 0.08727272727272728 0.09708737864077668
0 0.6290909090909091 0.09344660194174756 0.08 0.08980582524271843
0 0.4127272727272727 0.08616504854368931 0.08727272727272728 0.08980582524271843
0 0.5127272727272727 0.06674757281553398 0.11272727272727273 0.07524271844660194
0 0.48 0.2669902912621359 0.12727272727272726 0.19417475728155337
0 0.49727272727272726 0.38834951456310673 0.07818181818181819 0.06796116504854369
0 0.39090909090909093 0.366504854368932 0.06545454545454546 0.06310679611650485
0 0.45 0.4939320388349514 0.06727272727272728 0.11407766990291261
0 0.5181818181818182 0.4660194174757281 0.05454545454545454 0.07766990291262135
0 0.5736363636363636 0.5546116504854368 0.1 0.08980582524271843
0 0.37 0.45873786407766987 0.0890909090909091 0.08252427184466019
0 0.3381818181818182 0.387135922330097 0.06181818181818182 0.07524271844660194
0 0.2909090909090909 0.37499999999999994 0.07636363636363637 0.08009708737864077
0 0.18 0.3713592233009708 0.06181818181818182 0.08252427184466019
0 0.15545454545454546 0.23665048543689318 0.07454545454545454 0.12864077669902912
0 0.07363636363636364 0.2657766990291262 0.08181818181818182 0.10922330097087378
0 0.03727272727272727 0.39441747572815533 0.07090909090909091 0.13349514563106796
0 0.13454545454545455 0.07766990291262135 0.08 0.1116504854368932
0 0.22272727272727272 0.13228155339805825 0.09636363636363636 0.08980582524271843
0 0.29 0.032766990291262135 0.07090909090909091 0.06067961165048543
0 0.20909090909090908 0.047330097087378634 0.06909090909090909 0.08980582524271843
0 0.031818181818181815 0.03398058252427184 0.06 0.06310679611650485
0 0.038181818181818185 0.12499999999999999 0.07272727272727272 0.11407766990291261
0 0.01090909090909091 0.1953883495145631 0.01818181818181818 0.06067961165048543
0 0.23545454545454544 0.24150485436893201 0.07090909090909091 0.08980582524271843
0 0.38545454545454544 0.5400485436893203 0.04727272727272727 0.08009708737864077
0 0.8627272727272727 0.7402912621359222 0.05272727272727273 0.10679611650485436
0 0.4727272727272727 0.8786407766990291 0.09818181818181818 0.16504854368932037
0 0.36727272727272725 0.02669902912621359 0.05090909090909091 0.04854368932038834
0 0.01818181818181818 0.5339805825242718 0.03272727272727273 0.11650485436893203
