0 0.2775 0.09603658536585366 0.08166666666666667 0.16158536585365854
0 0.11166666666666668 0.10823170731707317 0.05 0.10670731707317073
0 0.15416666666666667 0.15091463414634146 0.04833333333333334 0.09451219512195122
0 0.06166666666666667 0.10823170731707317 0.060000000000000005 0.13109756097560976
0 0.035 0.1676829268292683 0.05666666666666667 0.09146341463414634
0 0.15833333333333335 0.23628048780487806 0.05666666666666667 0.11280487804878049
0 0.225 0.2530487804878049 0.060000000000000005 0.10975609756097561
0 0.2675 0.3201219512195122 0.05166666666666667 0.12195121951219512
0 0.3041666666666667 0.24847560975609756 0.035 0.08841463414634147
0 0.33333333333333337 0.21798780487804878 0.04 0.06402439024390244
0 0.3441666666666667 0.12957317073170732 0.058333333333333334 0.15548780487804878
0 0.39666666666666667 0.20884146341463417 0.05 0.11890243902439025
0 0.4683333333333334 0.21341463414634146 0.07 0.17073170731707318
0 0.12083333333333333 0.3902439024390244 0.04833333333333334 0.12195121951219512
0 0.16166666666666668 0.375 0.05333333333333334 0.12195121951219512
0 0.2016666666666667 0.3353658536585366 0.05 0.11585365853658537
0 0.21916666666666668 0.4405487804878049 0.055 0.125
0 0.17916666666666667 0.48170731707317077 0.04833333333333334 0.10975609756097561
0 0.09833333333333334 0.44664634146341464 0.05333333333333334 0.09451219512195122
0 0.12666666666666668 0.5182926829268293 0.04666666666666667 0.10365853658536586
0 0.085 0.5548780487804879 0.06333333333333334 0.10975609756097561
0 0.035833333333333335 0.5640243902439025 0.045000000000000005 0.11585365853658537
0 0.058333333333333334 0.6615853658536586 0.04666666666666667 0.10365853658536586
0 0.10916666666666668 0.6981707317073171 0.04833333333333334 0.09146341463414634
0 0.15583333333333335 0.6966463414634146 0.04833333333333334 0.09451219512195122
0 0.18250000000000002 0.6356707317073171 0.045000000000000005 0.125
0 0.23750000000000002 0.6219512195121951 0.055 0.11585365853658537
0 0.28583333333333333 0.6295731707317074 0.05166666666666667 0.13719512195121952
0 0.29000000000000004 0.5045731707317074 0.043333333333333335 0.08841463414634147
0 0.25083333333333335 0.49847560975609756 0.03166666666666667 0.057926829268292686
0 0.21000000000000002 0.5396341463414634 0.05 0.06707317073170732
0 0.10500000000000001 0.7789634146341464 0.05333333333333334 0.07621951219512195
0 0.05166666666666667 0.7484756097560976 0.05666666666666667 0.09451219512195122
0 0.0325 0.8460365853658537 0.04166666666666667 0.08231707317073171
0 0.03916666666666667 0.9253048780487805 0.055 0.08231707317073171
0 0.09666666666666668 0.8612804878048781 0.05333333333333334 0.08231707317073171
0 0.14500000000000002 0.8689024390243902 0.05 0.10365853658536586
0 0.16833333333333333 0.9359756097560976 0.06333333333333334 0.07317073170731708
0 0.26166666666666666 0.7804878048780488 0.05333333333333334 0.13414634146341464
0 0.30250000000000005 0.7987804878048781 0.03833333333333334 0.0975609756097561
0 0.34500000000000003 0.8551829268292683 0.05333333333333334 0.11890243902439025
0 0.3383333333333334 0.9405487804878049 0.05666666666666667 0.06402439024390244
0 0.39083333333333337 0.7957317073170732 0.05166666666666667 0.12195121951219512
0 0.44333333333333336 0.7606707317073171 0.05333333333333334 0.10060975609756098
0 0.4266666666666667 0.614329268292683 0.04 0.11280487804878049
0 0.465 0.6463414634146342 0.04 0.10975609756097561
0 0.27166666666666667 0.42835365853658536 0.03666666666666667 0.09451219512195122
0 0.3091666666666667 0.3932926829268293 0.04833333333333334 0.10365853658536586
0 0.36083333333333334 0.3719512195121951 0.055 0.10365853658536586
0 0.37000000000000005 0.288109756097561 0.043333333333333335 0.08841463414634147
0 0.41583333333333333 0.33689024390243905 0.04833333333333334 0.13719512195121952
0 0.4566666666666667 0.3353658536585366 0.03666666666666667 0.07926829268292683
0 0.4633333333333334 0.4161585365853659 0.043333333333333335 0.08231707317073171
0 0.42083333333333334 0.46189024390243905 0.04166666666666667 0.09451219512195122
0 0.4591666666666667 0.4878048780487805 0.03833333333333334 0.07926829268292683
0 0.49000000000000005 0.5442073170731707 0.05 0.10060975609756098
0 0.5033333333333334 0.6128048780487805 0.030000000000000002 0.06707317073170732
0 0.52 0.6676829268292683 0.04666666666666667 0.08536585365853659
0 0.5375000000000001 0.7682926829268293 0.055 0.10365853658536586
0 0.5 0.7850609756097561 0.043333333333333335 0.06402439024390244
0 0.5041666666666667 0.8490853658536586 0.055 0.07621951219512195
0 0.5733333333333334 0.8597560975609756 0.04666666666666667 0.06707317073170732
0 0.5966666666666667 0.9176829268292683 0.05 0.07317073170731708
0 0.5766666666666667 0.9466463414634146 0.03666666666666667 0.04573170731707317
0 0.5658333333333334 0.5442073170731707 0.055 0.10670731707317073
0 0.5533333333333333 0.2835365853658537 0.04666666666666667 0.10365853658536586
0 0.5333333333333333 0.13719512195121952 0.07333333333333333 0.1402439024390244
0 0.5966666666666667 0.4207317073170732 0.04 0.10365853658536586
0 0.5950000000000001 0.3307926829268293 0.04666666666666667 0.10060975609756098
0 0.6141666666666667 0.20426829268292684 0.07500000000000001 0.11585365853658537
0 0.6508333333333334 0.2911585365853659 0.05166666666666667 0.07621951219512195
0 0.6858333333333334 0.3719512195121951 0.058333333333333334 0.12195121951219512
0 0.6758333333333334 0.4862804878048781 0.05166666666666667 0.125
0 0.6291666666666667 0.4954268292682927 0.035 0.06402439024390244
0 0.8558333333333333 0.5655487804878049 0.055 0.11280487804878049
0 0.8841666666666668 0.4298780487804878 0.045000000000000005 0.0975609756097561
0 0.8816666666666667 0.32926829268292684 0.05333333333333334 0.10975609756097561
0 0.9091666666666667 0.2378048780487805 0.05166666666666667 0.11585365853658537
0 0.9025000000000001 0.10975609756097561 0.04166666666666667 0.10975609756097561
0 0.9516666666666668 0.08384146341463415 0.05333333333333334 0.10670731707317073
0 0.9525 0.16310975609756098 0.045000000000000005 0.08231707317073171
0 0.9616666666666668 0.2728658536585366 0.04666666666666667 0.14329268292682928
0 0.9566666666666668 0.4298780487804878 0.05333333333333334 0.10975609756097561
0 0.9633333333333334 0.6356707317073171 0.04 0.11280487804878049
0 0.9175000000000001 0.7667682926829269 0.04166666666666667 0.06402439024390244
0 0.9133333333333334 0.8353658536585367 0.04 0.06707317073170732
0 0.8233333333333334 0.8597560975609756 0.04 0.10365853658536586
0 0.8675 0.8445121951219513 0.04833333333333334 0.08536585365853659
0 0.7083333333333334 0.6280487804878049 0.04666666666666667 0.12804878048780488
0 0.785 0.5152439024390244 0.060000000000000005 0.09146341463414634
0 0.7433333333333334 0.5701219512195123 0.05333333333333334 0.0975609756097561
0 0.7466666666666667 0.6737804878048781 0.05 0.0975609756097561
0 0.6958333333333334 0.8551829268292683 0.055 0.125
0 0.7758333333333334 0.9176829268292683 0.04833333333333334 0.10365853658536586
0 0.6716666666666667 0.6432926829268293 0.03666666666666667 0.09146341463414634
0 0.6516666666666667 0.8719512195121951 0.043333333333333335 0.08536585365853659
0 0.6516666666666667 0.9405487804878049 0.04 0.06402439024390244
0 0.7775000000000001 0.3003048780487805 0.04166666666666667 0.10060975609756098
0 0.7075 0.2378048780487805 0.035 0.07926829268292683
0 0.6833333333333333 0.16310975609756098 0.05 0.11890243902439025
0 0.7350000000000001 0.17682926829268295 0.030000000000000002 0.06097560975609756
0 0.6325000000000001 0.06859756097560976 0.04833333333333334 0.08231707317073171
0 0.7216666666666667 0.06402439024390244 0.06333333333333334 0.07317073170731708
0 0.1675 0.06097560975609756 0.05166666666666667 0.07317073170731708
