0 0.5290909090909091 0.7839805825242718 0.09818181818181818 0.1262135922330097
0 0.6536363636363637 0.799757281553398 0.09272727272727273 0.1674757281553398
0 0.83 0.8822815533980581 0.06363636363636363 0.0703883495145631
0 0.6618181818181819 0.9550970873786407 0.07272727272727272 0.08980582524271843
0 0.5409090909090909 0.9526699029126213 0.05272727272727273 0.06553398058252427
0 0.3927272727272727 0.9587378640776698 0.06181818181818182 0.08252427184466019
0 0.24818181818181817 0.9417475728155339 0.08545454545454545 0.11650485436893203
0 0.1409090909090909 0.7645631067961164 0.07454545454545454 0.11650485436893203
0 0.20272727272727273 0.6043689320388349 0.08545454545454545 0.1262135922330097
0 0.23272727272727273 0.7281553398058251 0.11272727272727273 0.09223300970873785
0 0.2545454545454545 0.7973300970873786 0.08363636363636363 0.08009708737864077
0 0.023636363636363636 0.9320388349514562 0.04363636363636364 0.08252427184466019
0 0.14 0.5764563106796116 0.05818181818181818 0.0849514563106796
0 0.1809090909090909 0.5109223300970873 0.07818181818181819 0.12378640776699028
0 0.03363636363636364 0.6371359223300971 0.06363636363636363 0.08009708737864077
0 0.10454545454545454 0.45388349514563103 0.09272727272727273 0.12135922330097086
0 0.2409090909090909 0.42718446601941745 0.07818181818181819 0.06796116504854369
0 0.2818181818181818 0.48786407766990286 0.08363636363636363 0.08252427184466019
0 0.31727272727272726 0.5594660194174756 0.06727272727272728 0.08980582524271843
0 0.2972727272727273 0.6577669902912621 0.06363636363636363 0.10679611650485436
0 0.3527272727272727 0.6334951456310679 0.05818181818181818 0.07281553398058252
0 0.34545454545454546 0.7439320388349514 0.10181818181818182 0.11407766990291261
0 0.3572727272727273 0.8822815533980581 0.1 0.12378640776699028
0 0.5836363636363636 0.779126213592233 0.05454545454545454 0.10679611650485436
0 0.7545454545454545 0.9393203883495145 0.07272727272727272 0.09223300970873785
0 0.769090909090909 0.7317961165048543 0.09090909090909091 0.09466019417475727
0 0.8581818181818182 0.5776699029126213 0.08363636363636363 0.09223300970873785
0 0.8918181818181818 0.44417475728155337 0.07454545454545454 0.10194174757281553
0 0.7109090909090909 0.6626213592233009 0.08 0.10679611650485436
0 0.6509090909090909 0.6347087378640777 0.06181818181818182 0.07524271844660194
0 0.6854545454545454 0.5473300970873786 0.08 0.07524271844660194
0 0.7227272727272728 0.48543689320388345 0.1 0.09708737864077668
0 0.8118181818181818 0.5133495145631067 0.09272727272727273 0.12378640776699028
0 0.7218181818181818 0.33373786407766987 0.08 0.0703883495145631
0 0.6418181818181818 0.3701456310679611 0.06909090909090909 0.11407766990291261
0 0.9245454545454546 0.2815533980582524 0.0890909090909091 0.07766990291262135
0 0.8454545454545455 0.2378640776699029 0.08727272727272728 0.09708737864077668
0 0.8727272727272727 0.07888349514563106 0.08 0.08980582524271843
0 0.5318181818181819 0.12135922330097086 0.07818181818181819 0.08737864077669902
0 0.5854545454545454 0.038834951456310676 0.11272727272727273 0.07281553398058252
0 0.44272727272727275 0.12985436893203883 0.06727272727272728 0.0703883495145631
0 0.3718181818181818 0.08980582524271843 0.08181818181818182 0.07766990291262135
0 0.509090909090909 0.25485436893203883 0.13454545454545455 0.1844660194174757
0 0.49727272727272726 0.38834951456310673 0.07818181818181819 0.06796116504854369
0 0.3690909090909091 0.34708737864077666 0.08 0.09708737864077668
0 0.45 0.4939320388349514 0.06727272727272728 0.11407766990291261
0 0.5181818181818182 0.4660194174757281 0.05454545454545454 0.07766990291262135
0 0.5545454545454546 0.5036407766990291 0.08 0.10922330097087378
0 0.37 0.45873786407766987 0.0890909090909091 0.08252427184466019
0 0.3381818181818182 0.387135922330097 0.06181818181818182 0.07524271844660194
0 0.35545454545454547 0.25849514563106796 0.06727272727272728 0.0703883495145631
0 0.29545454545454547 0.19417475728155337 0.07454545454545454 0.07281553398058252
0 0.18 0.3713592233009708 0.06181818181818182 0.08252427184466019
0 0.04363636363636364 0.491504854368932 0.06545454545454546 0.08009708737864077
0 0.031818181818181815 0.03398058252427184 0.06 0.06310679611650485
0 0.01090909090909091 0.1953883495145631 0.01818181818181818 0.06067961165048543
0 0.37727272727272726 0.19053398058252424 0.07090909090909091 0.08980582524271843
0 0.38545454545454544 0.5400485436893203 0.04727272727272727 0.08009708737864077
0 0.9209090909090909 0.7766990291262135 0.08545454545454545 0.1116504854368932
0 0.4709090909090909 0.9550970873786407 0.07272727272727272 0.08009708737864077
0 0.36727272727272725 0.02669902912621359 0.05090909090909091 0.04854368932038834
0 0.03272727272727273 0.5691747572815533 0.05090909090909091 0.06067961165048543
0 0.9627272727272728 0.3822815533980582 0.07454545454545454 0.13349514563106796
0 0.9245454545454546 0.549757281553398 0.05272727272727273 0.07524271844660194
0 0.7818181818181819 0.13228155339805825 0.10181818181818182 0.11893203883495145
0 0.9618181818181818 0.11893203883495145 0.07272727272727272 0.10194174757281553
0 0.6327272727272727 0.2827669902912621 0.07272727272727272 0.0703883495145631
0 0.5527272727272727 0.6808252427184466 0.06181818181818182 0.06553398058252427
0 0.4163636363636364 0.7839805825242718 0.05818181818181818 0.08737864077669902
0 0.7536363636363637 0.8033980582524272 0.07818181818181819 0.09223300970873785
