0 0.4625 0.05341880341880342 0.10625000000000001 0.10256410256410257
0 0.41484375 0.1260683760683761 0.08281250000000001 0.12393162393162395
0 0.48046875 0.11111111111111112 0.060937500000000006 0.12393162393162395
0 0.5398437500000001 0.13461538461538464 0.0671875 0.13675213675213677
0 0.6828125 0.28418803418803423 0.037500000000000006 0.05128205128205129
0 0.721875 0.3354700854700855 0.07500000000000001 0.06837606837606838
0 0.6046875 0.22649572649572652 0.043750000000000004 0.07264957264957266
0 0.6328125 0.2873931623931624 0.046875 0.09188034188034189
0 0.65546875 0.32585470085470086 0.0703125 0.061965811965811975
0 0.68359375 0.44551282051282054 0.07968750000000001 0.0747863247863248
0 0.7562500000000001 0.48611111111111116 0.1125 0.07905982905982907
0 0.5750000000000001 0.29594017094017094 0.06875 0.08760683760683761
0 0.57578125 0.2275641025641026 0.060937500000000006 0.08333333333333334
0 0.48203125 0.20726495726495728 0.0765625 0.08547008547008547
0 0.43125 0.21901709401709404 0.0625 0.09188034188034189
0 0.5765625 0.3728632478632479 0.05 0.09188034188034189
0 0.6140625000000001 0.4102564102564103 0.040625 0.05128205128205129
0 0.58828125 0.4508547008547009 0.051562500000000004 0.06410256410256411
0 0.721875 0.5555555555555556 0.06875 0.07264957264957266
0 0.62265625 0.6474358974358975 0.051562500000000004 0.06837606837606838
0 0.71640625 0.6431623931623932 0.07968750000000001 0.07692307692307693
0 0.60546875 0.5267094017094017 0.035937500000000004 0.04914529914529915
0 0.5554687500000001 0.6666666666666667 0.0421875 0.038461538461538464
0 0.54453125 0.4775641025641026 0.0546875 0.0747863247863248
0 0.584375 0.48397435897435903 0.034375 0.10042735042735043
0 0.5375 0.5726495726495727 0.07187500000000001 0.09401709401709403
0 0.484375 0.4818376068376069 0.059375000000000004 0.06623931623931624
0 0.5320312500000001 0.3386752136752137 0.0390625 0.05341880341880342
0 0.53125 0.38354700854700857 0.053125000000000006 0.057692307692307696
0 0.53359375 0.42521367521367526 0.0546875 0.05982905982905984
0 0.48828125 0.41880341880341887 0.0578125 0.07264957264957266
0 0.46953125 0.3012820512820513 0.1171875 0.08547008547008547
0 0.41718750000000004 0.34508547008547014 0.05 0.07051282051282053
0 0.46015625000000004 0.37500000000000006 0.06406250000000001 0.061965811965811975
0 0.4390625 0.43162393162393164 0.065625 0.07264957264957266
0 0.43359375 0.49252136752136755 0.0484375 0.057692307692307696
0 0.4703125 0.5299145299145299 0.05 0.07692307692307693
0 0.3953125 0.4572649572649573 0.046875 0.0811965811965812
0 0.39453125 0.38461538461538464 0.035937500000000004 0.05555555555555556
0 0.37734375000000003 0.28952991452991456 0.051562500000000004 0.09188034188034189
0 0.38359375 0.21688034188034191 0.045312500000000006 0.06623931623931624
0 0.34609375000000003 0.20405982905982908 0.0546875 0.07905982905982907
0 0.3375 0.2606837606837607 0.053125000000000006 0.06837606837606838
0 0.30000000000000004 0.22542735042735046 0.046875 0.08760683760683761
0 0.2671875 0.2745726495726496 0.053125000000000006 0.07905982905982907
0 0.31093750000000003 0.3301282051282052 0.059375000000000004 0.10042735042735043
0 0.36015625 0.3878205128205129 0.0546875 0.10897435897435899
0 0.325 0.41987179487179493 0.043750000000000004 0.0747863247863248
0 0.65 0.5427350427350428 0.040625 0.06837606837606838
