0 0.08125 0.3247863247863248 0.084375 0.11538461538461539
0 0.54609375 0.07051282051282053 0.0671875 0.13675213675213677
0 0.65390625 0.16666666666666669 0.045312500000000006 0.08547008547008547
0 0.6273437500000001 0.2820512820512821 0.0765625 0.08547008547008547
0 0.478125 0.3194444444444445 0.05 0.09188034188034189
0 0.6328125 0.39850427350427353 0.05 0.057692307692307696
0 0.47187500000000004 0.3653846153846154 0.05 0.06837606837606838
0 0.496875 0.513888888888889 0.07187500000000001 0.09615384615384616
0 0.58046875 0.41987179487179493 0.051562500000000004 0.08333333333333334
0 0.5484375 0.17094017094017094 0.053125000000000006 0.05982905982905984
0 0.51171875 0.4294871794871795 0.0578125 0.07264957264957266
0 0.24375000000000002 0.45619658119658124 0.065625 0.07905982905982907
0 0.38515625000000003 0.3963675213675214 0.0484375 0.057692307692307696
0 0.23750000000000002 0.7008547008547009 0.05 0.07692307692307693
0 0.4 0.5833333333333334 0.084375 0.08974358974358976
0 0.19375 0.2542735042735043 0.059375000000000004 0.0982905982905983
0 0.309375 0.2692307692307693 0.059375000000000004 0.10256410256410257
0 0.33437500000000003 0.3963675213675214 0.043750000000000004 0.0747863247863248
0 0.28828125 0.39209401709401714 0.051562500000000004 0.06623931623931624
0 0.14765625000000002 0.5042735042735044 0.060937500000000006 0.11965811965811968
0 0.25546875 0.5448717948717949 0.060937500000000006 0.06837606837606838
0 0.35781250000000003 0.5096153846153847 0.05 0.07905982905982907
0 0.33515625000000004 0.6324786324786326 0.0421875 0.07264957264957266
0 0.28828125 0.6891025641025642 0.0390625 0.07051282051282053
0 0.18515625000000002 0.6260683760683762 0.0546875 0.08547008547008547
0 0.23203125000000002 0.6260683760683762 0.0703125 0.08974358974358976
