0 0.7225 0.09603658536585366 0.08166666666666667 0.16158536585365854
0 0.11166666666666668 0.10823170731707317 0.05 0.10670731707317073
0 0.025833333333333337 0.2759146341463415 0.04833333333333334 0.09451219512195122
0 0.06166666666666667 0.10823170731707317 0.060000000000000005 0.13109756097560976
0 0.035 0.1676829268292683 0.05666666666666667 0.09146341463414634
0 0.0825 0.23323170731707318 0.058333333333333334 0.11280487804878049
0 0.225 0.2530487804878049 0.060000000000000005 0.10975609756097561
0 0.3041666666666667 0.24847560975609756 0.035 0.08841463414634147
0 0.33333333333333337 0.21798780487804878 0.04 0.06402439024390244
0 0.3441666666666667 0.12957317073170732 0.058333333333333334 0.15548780487804878
0 0.39666666666666667 0.20884146341463417 0.05 0.11890243902439025
0 0.45333333333333337 0.12042682926829269 0.05666666666666667 0.11280487804878049
0 0.12083333333333333 0.36585365853658536 0.04833333333333334 0.12195121951219512
0 0.14 0.5670731707317074 0.04666666666666667 0.10365853658536586
0 0.043333333333333335 0.41768292682926833 0.06333333333333334 0.10975609756097561
0 0.03916666666666667 0.6371951219512195 0.045000000000000005 0.11585365853658537
0 0.043333333333333335 0.7896341463414634 0.04666666666666667 0.10365853658536586
0 0.2566666666666667 0.6707317073170732 0.04666666666666667 0.0975609756097561
0 0.32916666666666666 0.4893292682926829 0.058333333333333334 0.11890243902439025
0 0.25083333333333335 0.49847560975609756 0.03166666666666667 0.057926829268292686
0 0.2225 0.5 0.058333333333333334 0.07926829268292683
0 0.13333333333333333 0.8460365853658537 0.05666666666666667 0.09451219512195122
0 0.18166666666666667 0.8689024390243902 0.05 0.10365853658536586
0 0.26166666666666666 0.7804878048780488 0.05333333333333334 0.13414634146341464
0 0.3041666666666667 0.8384146341463415 0.03833333333333334 0.0975609756097561
0 0.34500000000000003 0.8551829268292683 0.05333333333333334 0.11890243902439025
0 0.3383333333333334 0.9405487804878049 0.05666666666666667 0.06402439024390244
0 0.43250000000000005 0.8628048780487805 0.05166666666666667 0.12195121951219512
0 0.44333333333333336 0.7606707317073171 0.05333333333333334 0.10060975609756098
0 0.37000000000000005 0.5015243902439025 0.04 0.11280487804878049
0 0.465 0.6463414634146342 0.04 0.10975609756097561
0 0.3091666666666667 0.3932926829268293 0.04833333333333334 0.10365853658536586
0 0.4025 0.41768292682926833 0.055 0.10365853658536586
0 0.37000000000000005 0.288109756097561 0.043333333333333335 0.08841463414634147
0 0.4108333333333334 0.31402439024390244 0.045000000000000005 0.0975609756097561
0 0.4466666666666667 0.28963414634146345 0.043333333333333335 0.10975609756097561
0 0.4491666666666667 0.5259146341463414 0.04833333333333334 0.11280487804878049
0 0.5083333333333334 0.5411585365853658 0.05 0.10060975609756098
0 0.5033333333333334 0.6128048780487805 0.030000000000000002 0.06707317073170732
0 0.52 0.6676829268292683 0.04666666666666667 0.08536585365853659
0 0.5375000000000001 0.7682926829268293 0.055 0.10365853658536586
0 0.5 0.7850609756097561 0.043333333333333335 0.06402439024390244
0 0.5041666666666667 0.8490853658536586 0.055 0.07621951219512195
0 0.61 0.7850609756097561 0.04666666666666667 0.0701219512195122
0 0.5983333333333334 0.9420731707317074 0.05 0.07317073170731708
0 0.4266666666666667 0.9466463414634146 0.05666666666666667 0.08231707317073171
0 0.5475 0.42225609756097565 0.055 0.10670731707317073
0 0.54 0.32621951219512196 0.04666666666666667 0.10365853658536586
0 0.5216666666666667 0.17378048780487806 0.07333333333333333 0.1402439024390244
0 0.5966666666666667 0.4207317073170732 0.04 0.10365853658536586
0 0.5950000000000001 0.3307926829268293 0.04666666666666667 0.10060975609756098
0 0.6075 0.20731707317073172 0.07500000000000001 0.11585365853658537
0 0.6508333333333334 0.2911585365853659 0.05166666666666667 0.07621951219512195
0 0.6858333333333334 0.3719512195121951 0.058333333333333334 0.12195121951219512
0 0.7141666666666667 0.5015243902439025 0.05166666666666667 0.125
0 0.8475 0.6905487804878049 0.055 0.11280487804878049
0 0.8841666666666668 0.4298780487804878 0.045000000000000005 0.0975609756097561
0 0.8816666666666667 0.32926829268292684 0.05333333333333334 0.10975609756097561
0 0.7250000000000001 0.3125 0.05 0.125
0 0.8991666666666667 0.09298780487804878 0.04166666666666667 0.11280487804878049
0 0.9516666666666668 0.08384146341463415 0.05333333333333334 0.10670731707317073
0 0.9591666666666667 0.1600609756097561 0.045000000000000005 0.08231707317073171
0 0.89 0.6875 0.04 0.11280487804878049
0 0.9108333333333334 0.7576219512195123 0.04166666666666667 0.06402439024390244
0 0.9066666666666667 0.8597560975609756 0.04 0.06707317073170732
0 0.7350000000000001 0.7789634146341464 0.04 0.10670731707317073
0 0.8608333333333333 0.8597560975609756 0.04833333333333334 0.08536585365853659
0 0.7083333333333334 0.6280487804878049 0.04666666666666667 0.12804878048780488
0 0.785 0.5152439024390244 0.060000000000000005 0.09146341463414634
0 0.7433333333333334 0.5701219512195123 0.05333333333333334 0.0975609756097561
0 0.7466666666666667 0.6737804878048781 0.05 0.0975609756097561
0 0.6975 0.8155487804878049 0.055 0.125
0 0.8416666666666667 0.9344512195121951 0.07333333333333333 0.10060975609756098
0 0.5766666666666667 0.625 0.03666666666666667 0.09146341463414634
0 0.6516666666666667 0.8719512195121951 0.043333333333333335 0.08536585365853659
0 0.6625000000000001 0.9359756097560976 0.06166666666666667 0.07317073170731708
0 0.7758333333333334 0.23475609756097562 0.04833333333333334 0.10975609756097561
0 0.6858333333333334 0.23323170731707318 0.045000000000000005 0.09451219512195122
0 0.6833333333333333 0.16310975609756098 0.05 0.11890243902439025
0 0.6558333333333334 0.125 0.07500000000000001 0.12804878048780488
0 0.3041666666666667 0.12652439024390244 0.05166666666666667 0.0701219512195122
0 0.35833333333333334 0.36128048780487804 0.05 0.11280487804878049
0 0.8191666666666667 0.6280487804878049 0.04833333333333334 0.0975609756097561
0 0.925 0.5487804878048781 0.05666666666666667 0.0975609756097561
0 0.8750000000000001 0.5182926829268293 0.05333333333333334 0.08536585365853659
0 0.7883333333333333 0.4329268292682927 0.060000000000000005 0.11585365853658537
0 0.8408333333333334 0.23323170731707318 0.06166666666666667 0.11890243902439025
0 0.8533333333333334 0.14329268292682928 0.060000000000000005 0.10365853658536586
0 0.9400000000000001 0.6478658536585367 0.05666666666666667 0.08841463414634147
0 0.9558333333333334 0.7408536585365854 0.058333333333333334 0.10365853658536586
0 0.30333333333333334 0.6341463414634146 0.09000000000000001 0.12195121951219512
0 0.28500000000000003 0.9420731707317074 0.06333333333333334 0.07926829268292683
0 0.4025 0.9115853658536586 0.045000000000000005 0.07926829268292683
0 0.9666666666666667 0.8475609756097561 0.03666666666666667 0.07926829268292683
0 0.9675 0.926829268292683 0.04833333333333334 0.08536585365853659
0 0.9658333333333334 0.5411585365853658 0.04166666666666667 0.125
