0 0.38727272727272727 0.7208737864077669 0.13090909090909092 0.17475728155339804
0 0.66 0.7463592233009708 0.09454545454545454 0.12864077669902912
0 0.7145454545454546 0.8300970873786407 0.05818181818181818 0.06310679611650485
0 0.6472727272727272 0.9089805825242717 0.08 0.12378640776699028
0 0.5381818181818182 0.837378640776699 0.06909090909090909 0.10679611650485436
0 0.5609090909090909 0.9550970873786407 0.05272727272727273 0.06553398058252427
0 0.3327272727272727 0.9587378640776698 0.06181818181818182 0.08252427184466019
0 0.26272727272727275 0.9199029126213591 0.08545454545454545 0.11650485436893203
0 0.1781818181818182 0.9769417475728155 0.06181818181818182 0.046116504854368925
0 0.11636363636363636 0.91626213592233 0.09454545454545454 0.1383495145631068
0 0.08272727272727273 0.7548543689320387 0.07454545454545454 0.11650485436893203
0 0.15363636363636363 0.683252427184466 0.08545454545454545 0.12378640776699028
0 0.23272727272727273 0.7281553398058251 0.11272727272727273 0.09223300970873785
0 0.9509090909090909 0.9599514563106796 0.08363636363636363 0.08009708737864077
0 0.019090909090909092 0.7888349514563107 0.034545454545454546 0.10679611650485436
0 0.14 0.5764563106796116 0.05818181818181818 0.0849514563106796
0 0.1809090909090909 0.5109223300970873 0.07818181818181819 0.12378640776699028
0 0.07454545454545454 0.5449029126213591 0.06545454545454546 0.08009708737864077
0 0.10454545454545454 0.45388349514563103 0.09272727272727273 0.12135922330097086
0 0.2409090909090909 0.42718446601941745 0.07818181818181819 0.06796116504854369
0 0.2818181818181818 0.48786407766990286 0.08363636363636363 0.08252427184466019
0 0.31727272727272726 0.5594660194174756 0.06727272727272728 0.08980582524271843
0 0.2972727272727273 0.6577669902912621 0.06363636363636363 0.10679611650485436
0 0.3527272727272727 0.6334951456310679 0.05818181818181818 0.07281553398058252
0 0.5836363636363636 0.779126213592233 0.05454545454545454 0.10679611650485436
0 0.93 0.09587378640776698 0.07818181818181819 0.11893203883495145
0 0.8354545454545454 0.6152912621359222 0.13272727272727272 0.15776699029126212
0 0.7181818181818181 0.6334951456310679 0.08 0.10679611650485436
0 0.6227272727272727 0.6140776699029126 0.09272727272727273 0.1262135922330097
0 0.7027272727272728 0.5254854368932038 0.0890909090909091 0.11893203883495145
0 0.7627272727272727 0.37499999999999994 0.07454545454545454 0.08980582524271843
0 0.6327272727272727 0.34830097087378636 0.09090909090909091 0.10922330097087378
0 0.6381818181818182 0.25849514563106796 0.08 0.0703883495145631
0 0.5827272727272728 0.29975728155339804 0.05272727272727273 0.08980582524271843
0 0.8045454545454546 0.19902912621359223 0.12181818181818181 0.1407766990291262
0 0.49727272727272726 0.03398058252427184 0.1 0.06310679611650485
0 0.46454545454545454 0.11650485436893203 0.08181818181818182 0.07766990291262135
0 0.4781818181818182 0.25728155339805825 0.12727272727272726 0.19417475728155337
0 0.4581818181818182 0.39684466019417475 0.08727272727272728 0.07524271844660194
0 0.39090909090909093 0.366504854368932 0.06545454545454546 0.06310679611650485
0 0.41909090909090907 0.4599514563106796 0.06727272727272728 0.11407766990291261
0 0.5063636363636363 0.48300970873786403 0.07818181818181819 0.08737864077669902
0 0.5736363636363636 0.5546116504854368 0.1 0.08980582524271843
0 0.37 0.45873786407766987 0.0890909090909091 0.08252427184466019
0 0.3381818181818182 0.387135922330097 0.06181818181818182 0.07524271844660194
0 0.31363636363636366 0.31674757281553395 0.06727272727272728 0.0703883495145631
0 0.2727272727272727 0.3555825242718446 0.06909090909090909 0.0703883495145631
0 0.18 0.3713592233009708 0.06181818181818182 0.08252427184466019
0 0.22818181818181818 0.2949029126213592 0.07454545454545454 0.12864077669902912
0 0.042727272727272725 0.33373786407766987 0.08181818181818182 0.10922330097087378
0 0.09727272727272727 0.39684466019417475 0.07090909090909091 0.13349514563106796
0 0.14909090909090908 0.17597087378640774 0.08 0.11407766990291261
0 0.25636363636363635 0.17961165048543687 0.09818181818181818 0.09223300970873785
0 0.32636363636363636 0.032766990291262135 0.07090909090909091 0.06067961165048543
0 0.2109090909090909 0.057038834951456306 0.10909090909090909 0.10922330097087378
0 0.03090909090909091 0.08252427184466019 0.05818181818181818 0.06310679611650485
0 0.08272727272727273 0.10436893203883495 0.06 0.08737864077669902
0 0.019090909090909092 0.25728155339805825 0.034545454545454546 0.07766990291262135
0 0.36818181818181817 0.28519417475728154 0.07090909090909091 0.08980582524271843
0 0.38545454545454544 0.5400485436893203 0.04727272727272727 0.08009708737864077
0 0.8772727272727273 0.9029126213592232 0.08545454545454545 0.12135922330097086
0 0.4709090909090909 0.9405339805825242 0.07272727272727272 0.08009708737864077
0 0.36 0.17354368932038833 0.09818181818181818 0.11407766990291261
0 0.01818181818181818 0.5339805825242718 0.03272727272727273 0.11650485436893203
0 0.8345454545454546 0.45509708737864074 0.08 0.09951456310679611
0 0.8927272727272727 0.28398058252427183 0.06181818181818182 0.07281553398058252
0 0.8145454545454546 0.3216019417475728 0.08727272727272728 0.09466019417475727
0 0.19 0.7718446601941746 0.09272727272727273 0.12135922330097086
0 0.47454545454545455 0.7985436893203883 0.04363636363636364 0.09223300970873785
