0 0.10234375000000001 0.2104700854700855 0.1078125 0.15170940170940173
0 0.29531250000000003 0.13141025641025642 0.059375000000000004 0.09615384615384616
0 0.34453125 0.12820512820512822 0.060937500000000006 0.09401709401709403
0 0.41484375 0.1260683760683761 0.08281250000000001 0.12393162393162395
0 0.48828125 0.08547008547008547 0.060937500000000006 0.12393162393162395
0 0.54921875 0.07158119658119659 0.045312500000000006 0.08333333333333334
0 0.603125 0.10363247863247864 0.059375000000000004 0.1217948717948718
0 0.6796875 0.07905982905982907 0.053125000000000006 0.0811965811965812
0 0.66953125 0.18162393162393164 0.0671875 0.09401709401709403
0 0.6046875 0.22649572649572652 0.043750000000000004 0.07264957264957266
0 0.6328125 0.2873931623931624 0.046875 0.09188034188034189
0 0.55703125 0.2232905982905983 0.060937500000000006 0.08333333333333334
0 0.43125 0.21901709401709404 0.0625 0.09188034188034189
0 0.5765625 0.3728632478632479 0.05 0.09188034188034189
0 0.58828125 0.4508547008547009 0.051562500000000004 0.06410256410256411
0 0.484375 0.4818376068376069 0.059375000000000004 0.06623931623931624
0 0.53125 0.38354700854700857 0.053125000000000006 0.057692307692307696
0 0.53359375 0.42521367521367526 0.0546875 0.05982905982905984
0 0.47890625000000003 0.30341880341880345 0.1171875 0.08547008547008547
0 0.42031250000000003 0.33333333333333337 0.05625 0.09401709401709403
0 0.4390625 0.43162393162393164 0.065625 0.07264957264957266
0 0.43359375 0.49252136752136755 0.0484375 0.057692307692307696
0 0.4703125 0.5299145299145299 0.05 0.07692307692307693
0 0.35859375000000004 0.5555555555555556 0.06406250000000001 0.09401709401709403
0 0.3953125 0.4572649572649573 0.046875 0.0811965811965812
0 0.32890625 0.1965811965811966 0.0890625 0.09401709401709403
0 0.3375 0.2606837606837607 0.053125000000000006 0.06837606837606838
0 0.19843750000000002 0.18376068376068377 0.043750000000000004 0.07692307692307693
0 0.1390625 0.4241452991452992 0.06875 0.14316239316239318
0 0.2671875 0.2745726495726496 0.053125000000000006 0.07905982905982907
0 0.31093750000000003 0.3301282051282052 0.059375000000000004 0.10042735042735043
0 0.21953125 0.3087606837606838 0.06406250000000001 0.10042735042735043
0 0.325 0.41987179487179493 0.043750000000000004 0.0747863247863248
0 0.28203125 0.4070512820512821 0.051562500000000004 0.06623931623931624
0 0.25078125 0.37500000000000006 0.0671875 0.08333333333333334
0 0.21015625000000002 0.44230769230769235 0.060937500000000006 0.11965811965811968
0 0.27109375 0.4658119658119659 0.060937500000000006 0.06837606837606838
0 0.34687500000000004 0.48611111111111116 0.05 0.07905982905982907
0 0.1546875 0.5384615384615385 0.07187500000000001 0.0811965811965812
0 0.29765625 0.5160256410256411 0.0390625 0.07051282051282053
0 0.23203125000000002 0.6196581196581197 0.0546875 0.08547008547008547
0 0.17421875 0.6260683760683762 0.0703125 0.08974358974358976
