0 0.43166666666666664 0.8947368421052632 0.10555555555555556 0.1234119782214156
0 0.55 0.7767695099818511 0.04666666666666667 0.08348457350272231
0 0.6427777777777778 0.7295825771324863 0.04555555555555556 0.06533575317604355
0 0.3244444444444444 0.6442831215970961 0.04666666666666667 0.05807622504537205
0 0.30666666666666664 0.8248638838475498 0.04888888888888889 0.07078039927404718
0 0.8894444444444445 0.7558983666061706 0.06777777777777778 0.11796733212341197
0 0.7561111111111111 0.661524500907441 0.08333333333333333 0.09618874773139746
0 0.5388888888888889 0.5499092558983666 0.03777777777777778 0.07259528130671505
0 0.59 0.5671506352087115 0.03777777777777778 0.05626134301270417
0 0.19555555555555557 0.5326678765880217 0.06 0.07078039927404718
0 0.5111111111111111 0.6687840290381125 0.026666666666666665 0.045372050816696916
0 0.6172222222222222 0.676043557168784 0.03222222222222222 0.038112522686025406
0 0.5822222222222222 0.6687840290381125 0.04 0.05626134301270417
0 0.8005555555555556 0.8321234119782214 0.04111111111111111 0.05263157894736842
0 0.5038888888888889 0.8738656987295825 0.07666666666666666 0.12522686025408347
0 0.485 0.794010889292196 0.04111111111111111 0.0925589836660617
0 0.4461111111111111 0.690562613430127 0.03 0.05989110707803993
0 0.31 0.7068965517241379 0.06666666666666667 0.06715063520871144
0 0.21888888888888888 0.8112522686025408 0.08222222222222222 0.06533575317604355
0 0.19555555555555557 0.7005444646098004 0.035555555555555556 0.04718693284936479
0 0.23055555555555557 0.690562613430127 0.03666666666666667 0.05263157894736842
0 0.395 0.6152450090744102 0.03888888888888889 0.05807622504537205
0 0.6994444444444444 0.6297640653357531 0.04555555555555556 0.08348457350272231
0 0.6466666666666666 0.5526315789473684 0.028888888888888888 0.045372050816696916
0 0.3938888888888889 0.5562613430127041 0.03666666666666667 0.04900181488203267
0 0.4022222222222222 0.7450090744101633 0.03333333333333333 0.05263157894736842
0 0.6038888888888889 0.779491833030853 0.03222222222222222 0.05989110707803993
0 0.6927777777777778 0.7695099818511797 0.03888888888888889 0.07622504537205081
0 0.7544444444444445 0.7558983666061706 0.035555555555555556 0.05263157894736842
0 0.40555555555555556 0.4981851179673321 0.028888888888888888 0.045372050816696916
0 0.11222222222222222 0.6978221415607985 0.035555555555555556 0.05263157894736842
0 0.16555555555555557 0.6379310344827586 0.03111111111111111 0.04174228675136116
0 0.245 0.8702359346642468 0.04111111111111111 0.06715063520871144
0 0.15833333333333333 0.9156079854809437 0.058888888888888886 0.06352087114337568
0 0.15888888888888889 0.8448275862068965 0.035555555555555556 0.04900181488203267
0 0.10944444444444444 0.8112522686025408 0.034444444444444444 0.050816696914700546
0 0.3377777777777778 0.6043557168784028 0.04888888888888889 0.0544464609800363
0 0.49 0.588929219600726 0.035555555555555556 0.04900181488203267
0 0.2011111111111111 0.6288566243194192 0.03333333333333333 0.04174228675136116
0 0.305 0.5281306715063521 0.025555555555555557 0.039927404718693285
0 0.3005555555555556 0.5907441016333939 0.027777777777777776 0.04174228675136116
0 0.48777777777777775 0.49637023593466423 0.03111111111111111 0.04174228675136116
0 0.3238888888888889 0.4437386569872958 0.03222222222222222 0.034482758620689655
0 0.36 0.4174228675136116 0.03777777777777778 0.043557168784029036
0 0.1411111111111111 0.5172413793103449 0.035555555555555556 0.039927404718693285
0 0.44333333333333336 0.515426497277677 0.03333333333333333 0.03629764065335753
