0 0.5241379310344827 0.34022988505747126 0.1482758620689655 0.23448275862068965
0 0.5991379310344828 0.5747126436781609 0.22241379310344828 0.22528735632183908
0 0.6620689655172414 0.4264367816091954 0.1724137931034483 0.16781609195402297
0 0.346551724137931 0.39425287356321836 0.16551724137931034 0.14482758620689656
0 0.18706896551724136 0.5678160919540229 0.1396551724137931 0.18850574712643678
0 0.36810344827586206 0.8379310344827586 0.1879310344827586 0.2
0 0.6379310344827586 0.7471264367816092 0.1724137931034483 0.21149425287356322
0 0.7577586206896552 0.5528735632183908 0.15344827586206897 0.19080459770114944
0 0.30344827586206896 0.6781609195402298 0.2206896551724138 0.17471264367816092
0 0.4586206896551724 0.5218390804597701 0.23448275862068965 0.2160919540229885
