0 0.4732758620689655 0.30689655172413793 0.1810344827586207 0.2689655172413793
0 0.5939655172413792 0.44482758620689655 0.22241379310344828 0.22298850574712642
0 0.4206896551724138 0.5793103448275863 0.1724137931034483 0.17011494252873563
0 0.346551724137931 0.41724137931034483 0.16551724137931034 0.14482758620689656
0 0.2629310344827586 0.5563218390804597 0.1396551724137931 0.18850574712643678
0 0.41724137931034483 0.7689655172413793 0.1896551724137931 0.2
0 0.7017241379310345 0.7080459770114942 0.1793103448275862 0.31264367816091954
0 0.8594827586206897 0.4494252873563218 0.09482758620689655 0.1586206896551724
0 0.7862068965517242 0.5574712643678161 0.11379310344827587 0.20459770114942527
0 0.5724137931034483 0.6804597701149425 0.12758620689655173 0.18850574712643678
