0 0.3543103448275862 0.43333333333333335 0.1706896551724138 0.24137931034482757
0 0.28879310344827586 0.6091954022988506 0.14310344827586208 0.1839080459770115
0 0.7163793103448276 0.29885057471264365 0.12241379310344827 0.13793103448275862
0 0.6905172413793104 0.4528735632183908 0.1396551724137931 0.18850574712643678
0 0.2818965517241379 0.7482758620689655 0.13620689655172413 0.19080459770114944
0 0.4663793103448276 0.8183908045977011 0.16034482758620688 0.2482758620689655
0 0.6922413793103448 0.6482758620689655 0.17413793103448275 0.19770114942528735
0 0.5551724137931034 0.6563218390804597 0.11379310344827587 0.20459770114942527
0 0.5129310344827586 0.4517241379310345 0.15689655172413794 0.25517241379310346
0 0.4 0.6758620689655173 0.13448275862068965 0.20689655172413793
0 0.43275862068965515 0.5287356321839081 0.09655172413793103 0.1425287356321839
