      0/99     1.27G   0.06762   0.09567         0    0.1633       130       480    0.5665    0.5082    0.5168    0.1922   0.06302   0.06385         0
      1/99     1.22G   0.06373   0.09828         0     0.162       164       480    0.5876    0.5277    0.5381    0.2045    0.0626   0.06337         0
      2/99     1.22G   0.06543     0.103         0    0.1685       179       480    0.5766    0.5463    0.5403    0.2018   0.06173   0.06323         0
      3/99     1.22G   0.06309   0.09194         0     0.155       151       480    0.5716    0.5463    0.5439     0.209   0.06155   0.06416         0
      4/99     1.22G   0.06014   0.08186         0     0.142       158       480    0.5627     0.537    0.5418    0.2103   0.06132   0.06318         0
      5/99     1.22G    0.0612   0.09029         0    0.1515        84       480    0.5637    0.5264    0.5213    0.1991   0.06235   0.06437         0
      6/99     1.22G   0.06012   0.09033         0    0.1504       112       480    0.5976    0.5093    0.5217    0.1978    0.0619   0.06448         0
      7/99     1.22G   0.06478     0.103         0    0.1678        65       480    0.5022    0.5606      0.51    0.1937   0.06289   0.06408         0
      8/99     1.22G   0.06425   0.09467         0    0.1589       131       480    0.5744    0.5248    0.5219    0.1988   0.06217   0.06363         0
      9/99     1.22G   0.06573   0.09608         0    0.1618       253       480    0.5726    0.5093    0.5208    0.1978   0.06316   0.06439         0
     10/99     1.22G   0.06577   0.09453         0    0.1603       143       480     0.559    0.5165    0.5101     0.197   0.06238    0.0651         0
     11/99     1.22G   0.05951   0.08945         0     0.149        68       480    0.6349    0.4907    0.5413    0.2092   0.06126   0.06347         0
     12/99     1.22G   0.06004   0.08343         0    0.1435       108       480    0.6207     0.537    0.5725    0.2144   0.06113   0.06325         0
     13/99     1.22G   0.06061   0.08752         0    0.1481       103       480     0.792    0.3877    0.5077    0.2005   0.06246   0.06548         0
     14/99     1.22G   0.06381   0.09048         0    0.1543        74       480    0.6944    0.4444    0.5299    0.2059   0.06179   0.06487         0
     15/99     1.22G   0.06421   0.08912         0    0.1533       238       480    0.6073    0.4907    0.5187    0.2054   0.06256    0.0648         0
     16/99     1.22G   0.06587   0.09093         0    0.1568       126       480    0.6175    0.5463    0.5523    0.2059    0.0628   0.06242         0
     17/99     1.22G   0.06486     0.099         0    0.1639       141       480     0.655    0.5463    0.5573    0.2197   0.06186   0.06212         0
     18/99     1.22G   0.06546   0.09585         0    0.1613        66       480    0.5858    0.5278    0.5399    0.2032   0.06148   0.06397         0
     19/99     1.22G    0.0646    0.0978         0    0.1624        74       480    0.6051    0.5816    0.5736    0.2174   0.06052   0.06183         0
     20/99     1.22G   0.06114   0.08728         0    0.1484       145       480    0.5879    0.5812    0.5746    0.2162   0.06133   0.06401         0
     21/99     1.22G   0.05958   0.08895         0    0.1485       134       480    0.6244    0.6004    0.6008    0.2191   0.06079   0.06189         0
     22/99     1.22G   0.06332   0.09183         0    0.1552       144       480     0.719    0.4537    0.5587    0.2112   0.06158   0.06437         0
     23/99     1.22G   0.06222   0.09249         0    0.1547       200       480    0.7029     0.463    0.5251    0.2082    0.0618   0.06472         0
     24/99     1.22G   0.06125   0.09142         0    0.1527       107       480    0.6455    0.4889    0.5396    0.2048   0.06138   0.06538         0
     25/99     1.22G   0.06545   0.09053         0     0.156       130       480    0.6213    0.4709    0.5086    0.2038   0.06191   0.06587         0
     26/99     1.22G   0.05861   0.09252         0    0.1511       291       480    0.6857    0.4259    0.5138    0.1989   0.06129   0.06548         0
     27/99     1.22G   0.06719   0.09943         0    0.1666       150       480    0.7368    0.5183    0.5904    0.2248   0.06031   0.06322         0
     28/99     1.22G   0.06483   0.09481         0    0.1596       113       480    0.7563    0.4907    0.5686    0.2169   0.06033   0.06282         0
     29/99     1.22G   0.06543   0.09336         0    0.1588        70       480    0.6537    0.4815    0.5369    0.2087   0.06116   0.06357         0
     30/99     1.22G   0.06016   0.09271         0    0.1529       149       480    0.8208    0.5089    0.5975      0.23   0.06018    0.0628         0
     31/99     1.22G   0.06414   0.09313         0    0.1573        61       480    0.7165    0.4722    0.5592    0.2057   0.06134   0.06419         0
     32/99     1.22G   0.06662   0.09911         0    0.1657       153       480    0.7141    0.4626    0.5459     0.207   0.06144   0.06306         0
     33/99     1.22G   0.06806    0.1009         0     0.169       179       480    0.7174    0.4259    0.5049    0.1983   0.06341   0.06674         0
     34/99     1.22G   0.05984   0.08703         0    0.1469       105       480    0.7113    0.4335    0.5129    0.1996   0.06283   0.06549         0
     35/99     1.22G   0.06416   0.09293         0    0.1571       180       480    0.5703     0.553    0.5592    0.2112   0.06106   0.06298         0
     36/99     1.22G   0.06225   0.08788         0    0.1501       114       480     0.749    0.4722    0.5477    0.2034   0.06268   0.06317         0
     37/99     1.22G   0.05733   0.08995         0    0.1473       157       480     0.791    0.4906    0.5836    0.2168   0.06233   0.06204         0
     38/99     1.22G   0.06581   0.08872         0    0.1545        93       480    0.6105       0.5    0.5261    0.2075    0.0635   0.06501         0
     39/99     1.22G   0.06416   0.09156         0    0.1557        93       480    0.5655    0.5833    0.5516    0.2075   0.06155   0.06325         0
     40/99     1.22G   0.06155    0.0953         0    0.1569        77       480    0.5864       0.5    0.5258    0.1882   0.06297   0.06792         0
     41/99     1.22G   0.06223   0.08976         0     0.152        73       480    0.7585    0.4074     0.498    0.1869   0.06301   0.06659         0
     42/99     1.22G    0.0657   0.09539         0    0.1611       132       480    0.5749    0.5463    0.5194    0.1916   0.06236   0.06681         0
     43/99     1.22G   0.06419    0.1022         0    0.1664        70       480    0.7448    0.4907    0.5878    0.2075   0.06089   0.06367         0
     44/99     1.22G   0.06087   0.09062         0    0.1515        82       480    0.7281    0.4722    0.5496    0.2043   0.06203   0.06591         0
     45/99     1.22G    0.0615   0.09357         0    0.1551       229       480    0.7577    0.4074     0.499    0.1867   0.06362   0.06401         0
     46/99     1.22G   0.06395   0.09732         0    0.1613        97       480    0.7698    0.4074    0.4839    0.1825   0.06446   0.06431         0
     47/99     1.22G   0.06284   0.09483         0    0.1577       143       480    0.7116    0.4352    0.5157    0.1921   0.06306   0.06365         0
     48/99     1.22G   0.06184   0.08917         0     0.151       108       480    0.6871    0.4722    0.5289    0.1946   0.06247   0.06428         0
     49/99     1.22G   0.06612   0.09001         0    0.1561        77       480    0.8031       0.5    0.5851    0.2255    0.0608   0.06338         0
     50/99     1.22G   0.06533   0.09048         0    0.1558        74       480    0.7981    0.4444    0.5621    0.2041   0.06081    0.0642         0
     51/99     1.22G   0.06595   0.09714         0    0.1631       169       480    0.7661    0.4259    0.5467    0.2034   0.06162   0.06478         0
     52/99     1.22G   0.05288   0.08469         0    0.1376       217       480    0.6931    0.4393    0.5158    0.2011   0.06248    0.0647         0
     53/99     1.22G   0.06258   0.08884         0    0.1514        67       480    0.5612    0.5463    0.5203    0.2082   0.06274   0.06398         0
     54/99     1.22G   0.06706    0.1004         0    0.1675       257       480    0.6399    0.5266    0.5399    0.2118    0.0613   0.06215         0
     55/99     1.22G   0.06093   0.09088         0    0.1518       221       480    0.7611    0.4444    0.5256    0.2015   0.06245   0.06416         0
     56/99     1.22G   0.06462   0.08832         0    0.1529        81       480    0.7542    0.3981    0.4926     0.184    0.0636   0.06675         0
     57/99     1.22G    0.0625   0.09464         0    0.1571       122       480    0.7785    0.3981    0.4827    0.1788   0.06455   0.06724         0
     58/99     1.22G   0.06235   0.09496         0    0.1573       196       480    0.5311    0.4722    0.4799     0.179   0.06405   0.06725         0
     59/99     1.22G   0.06721   0.09667         0    0.1639       161       480    0.6923    0.3981    0.4591    0.1666   0.06461   0.07091         0
     60/99     1.22G   0.06683   0.09157         0    0.1584        79       480    0.5923    0.4722    0.4954    0.1889   0.06295   0.06641         0
     61/99     1.22G   0.06281   0.08519         0     0.148       153       480    0.6809    0.4347    0.5032    0.1895   0.06368   0.06544         0
     62/99     1.22G   0.06319   0.09963         0    0.1628       134       480    0.8038    0.3794    0.5041    0.1841   0.06406   0.06347         0
     63/99     1.22G   0.06303   0.09361         0    0.1566        72       480    0.7677    0.3978     0.486    0.1849   0.06412   0.06278         0
     64/99     1.22G    0.0665    0.0987         0    0.1652       206       480    0.7881    0.3788    0.4874    0.1882   0.06398   0.06397         0
     65/99     1.22G   0.05972   0.08596         0    0.1457       100       480     0.737    0.4167    0.5146     0.196   0.06326   0.06429         0
     66/99     1.22G   0.06349   0.09239         0    0.1559       161       480    0.5911     0.537     0.546    0.2126   0.06211   0.06426         0
     67/99     1.22G   0.06575   0.09758         0    0.1633       149       480    0.6705     0.471    0.5347    0.2064   0.06249   0.06442         0
     68/99     1.22G   0.05968   0.09311         0    0.1528       186       480    0.7919    0.3889    0.4952     0.186   0.06402   0.06603         0
     69/99     1.22G   0.06557   0.09185         0    0.1574       179       480    0.6665    0.4626    0.5125    0.1912   0.06368   0.06437         0
     70/99     1.22G    0.0649   0.09493         0    0.1598       166       480    0.6573    0.4439    0.5327    0.1938   0.06329   0.06502         0
     71/99     1.22G   0.06798   0.09849         0    0.1665       209       480    0.5218       0.5    0.4845    0.1861   0.06409   0.06689         0
     72/99     1.22G   0.06235   0.08938         0    0.1517        70       480    0.6102    0.4352     0.488     0.192   0.06303   0.06649         0
     73/99     1.22G    0.0621   0.08984         0    0.1519       137       480    0.5317    0.5256    0.5182    0.1992   0.06215   0.06432         0
     74/99     1.22G   0.06123   0.09309         0    0.1543        72       480    0.7216    0.4352      0.53    0.2054   0.06184   0.06366         0
     75/99     1.22G   0.06163   0.08698         0    0.1486        87       480    0.7331    0.4074    0.4938    0.1899   0.06348   0.06501         0
     76/99     1.22G   0.06338   0.09478         0    0.1582       105       480    0.7255    0.4167    0.5031    0.1935   0.06332   0.06433         0
     77/99     1.22G   0.06108   0.08981         0    0.1509       206       480    0.7521    0.4537     0.539    0.2078   0.06308   0.06303         0
     78/99     1.22G   0.06627    0.1008         0    0.1671        66       480     0.777    0.4537     0.534    0.2091   0.06238   0.06338         0
     79/99     1.22G   0.05856   0.08853         0    0.1471        66       480    0.7863    0.4444    0.5455    0.2008    0.0618   0.06412         0
     80/99     1.22G   0.06275   0.09785         0    0.1606       230       480    0.6474    0.5441    0.5453    0.2013    0.0618   0.06522         0
     81/99     1.22G   0.06435   0.09558         0    0.1599        68       480    0.6058    0.5833    0.5587    0.2103   0.06096   0.06406         0
     82/99     1.22G   0.06351   0.09704         0    0.1606        64       480    0.7037    0.5278    0.5816    0.2172   0.06007    0.0632         0
     83/99     1.22G   0.06541    0.0966         0     0.162        77       480    0.6992    0.5185     0.577    0.2146   0.06002   0.06294         0
     84/99     1.22G   0.06315   0.08917         0    0.1523        73       480    0.6203    0.5445    0.5589     0.217   0.06034   0.06292         0
     85/99     1.22G   0.06063   0.09186         0    0.1525       192       480    0.6094     0.537    0.5669    0.2118   0.06138   0.06539         0
     86/99     1.22G   0.06229   0.09178         0    0.1541       133       480     0.749    0.4167    0.5286    0.2001   0.06237   0.06612         0
     87/99     1.22G   0.06474   0.09573         0    0.1605        79       480    0.7323    0.4815    0.5683    0.2078   0.06183   0.06444         0
     88/99     1.22G   0.06099   0.09647         0    0.1575       148       480     0.749    0.4722     0.559     0.212   0.06226   0.06406         0
     89/99     1.22G   0.06243   0.09996         0    0.1624       269       480    0.7222     0.463    0.5546    0.2089    0.0625   0.06478         0
     90/99     1.22G   0.06405   0.09953         0    0.1636       183       480    0.7301    0.4537    0.5468    0.2043   0.06238   0.06502         0
     91/99     1.22G   0.06537   0.09634         0    0.1617       111       480    0.7491    0.4815    0.5506    0.2066   0.06238   0.06462         0
     92/99     1.22G   0.06522   0.09625         0    0.1615       358       480    0.7054    0.4434    0.5171    0.2008    0.0625   0.06436         0
     93/99     1.22G   0.06213   0.09015         0    0.1523       120       480    0.8041    0.3889    0.5281    0.2016    0.0622   0.06482         0
     94/99     1.22G   0.06327   0.09685         0    0.1601       108       480    0.5637    0.5185    0.5382    0.1999   0.06182   0.06478         0
     95/99     1.22G   0.06191   0.09894         0    0.1608       313       480    0.8541    0.3795    0.5223    0.1991   0.06198   0.06506         0
     96/99     1.22G   0.06315   0.09235         0    0.1555       211       480    0.7108    0.4352    0.5353    0.2044   0.06254   0.06483         0
     97/99     1.22G   0.06552   0.09501         0    0.1605       162       480    0.7283    0.4722    0.5431    0.2018    0.0628   0.06468         0
     98/99     1.22G   0.06203   0.09157         0    0.1536       280       480    0.8064     0.463    0.5706    0.2138    0.0615   0.06364         0
     99/99     1.22G   0.06065     0.097         0    0.1577       165       480    0.5771    0.5833    0.5722    0.2143   0.06127   0.06291         0
